-5.969100038341031905e+03,1.200000001718720029e+02,2.400000003437440057e+02,4.800000006874880114e+02,9.600000013749760228e+02,1.920000002749952046e+03,2.220000003179632131e+03,6.000000000671199984e+01,1.200000000134239997e+02,2.400000000268479994e+02,4.800000000536959988e+02,9.600000001073919975e+02,1.920000000214783995e+03,2.220000000248343895e+03,6.000000000812399747e+01,1.200000000162479949e+02,2.400000000324959899e+02,4.800000000649919798e+02,9.600000001299839596e+02,1.920000000259967919e+03,2.220000000300587999e+03,6.000000001672800209e+01,1.200000000334560042e+02,2.400000000669120084e+02,4.800000001338240168e+02,9.600000002676480335e+02,1.920000000535296067e+03,2.220000000618936156e+03,-9.000000000000000222e-01,0.000000000000000000e+00,0.000000000000000000e+00,0.000000000000000000e+00
0.000000000000000000e+00,-1.187820007659612747e+04,4.800000006874880114e+02,9.600000013749760228e+02,1.920000002749952046e+03,3.840000005499904091e+03,4.440000006359264262e+03,1.200000000134239997e+02,2.400000000268479994e+02,4.800000000536959988e+02,9.600000001073919975e+02,1.920000000214783995e+03,3.840000000429567990e+03,4.440000000496687790e+03,1.200000000162479949e+02,2.400000000324959899e+02,4.800000000649919798e+02,9.600000001299839596e+02,1.920000000259967919e+03,3.840000000519935838e+03,4.440000000601175998e+03,1.200000000334560042e+02,2.400000000669120084e+02,4.800000001338240168e+02,9.600000002676480335e+02,1.920000000535296067e+03,3.840000001070592134e+03,4.440000001237872311e+03,-1.800000000000000044e+00,0.000000000000000000e+00,0.000000000000000000e+00,0.000000000000000000e+00
0.000000000000000000e+00,0.000000000000000000e+00,-2.351640015284851324e+04,1.920000002749952046e+03,3.840000005499904091e+03,7.680000010999808183e+03,8.880000012718528524e+03,2.400000000268479994e+02,4.800000000536959988e+02,9.600000001073919975e+02,1.920000000214783995e+03,3.840000000429567990e+03,7.680000000859135980e+03,8.880000000993375579e+03,2.400000000324959899e+02,4.800000000649919798e+02,9.600000001299839596e+02,1.920000000259967919e+03,3.840000000519935838e+03,7.680000001039871677e+03,8.880000001202351996e+03,2.400000000669120084e+02,4.800000001338240168e+02,9.600000002676480335e+02,1.920000000535296067e+03,3.840000001070592134e+03,7.680000002141184268e+03,8.880000002475744623e+03,-3.600000000000000089e+00,0.000000000000000000e+00,0.000000000000000000e+00,0.000000000000000000e+00
0.000000000000000000e+00,0.000000000000000000e+00,0.000000000000000000e+00,-4.607280030432204512e+04,7.680000010999808183e+03,1.536000002199961637e+04,1.776000002543705705e+04,4.800000000536959988e+02,9.600000001073919975e+02,1.920000000214783995e+03,3.840000000429567990e+03,7.680000000859135980e+03,1.536000000171827196e+04,1.776000000198675116e+04,4.800000000649919798e+02,9.600000001299839596e+02,1.920000000259967919e+03,3.840000000519935838e+03,7.680000001039871677e+03,1.536000000207974335e+04,1.776000000240470399e+04,4.800000001338240168e+02,9.600000002676480335e+02,1.920000000535296067e+03,3.840000001070592134e+03,7.680000002141184268e+03,1.536000000428236854e+04,1.776000000495148925e+04,-7.200000000000000178e+00,0.000000000000000000e+00,0.000000000000000000e+00,0.000000000000000000e+00
0.000000000000000000e+00,0.000000000000000000e+00,0.000000000000000000e+00,0.000000000000000000e+00,-8.830560060314419388e+04,3.072000004399923273e+04,3.552000005087411409e+04,9.600000001073919975e+02,1.920000000214783995e+03,3.840000000429567990e+03,7.680000000859135980e+03,1.536000000171827196e+04,3.072000000343654392e+04,3.552000000397350232e+04,9.600000001299839596e+02,1.920000000259967919e+03,3.840000000519935838e+03,7.680000001039871677e+03,1.536000000207974335e+04,3.072000000415948671e+04,3.552000000480940798e+04,9.600000002676480335e+02,1.920000000535296067e+03,3.840000001070592134e+03,7.680000002141184268e+03,1.536000000428236854e+04,3.072000000856473707e+04,3.552000000990297849e+04,-1.440000000000000036e+01,0.000000000000000000e+00,0.000000000000000000e+00,0.000000000000000000e+00
0.000000000000000000e+00,0.000000000000000000e+00,0.000000000000000000e+00,0.000000000000000000e+00,0.000000000000000000e+00,-1.612512011842887732e+05,7.104000010174822819e+04,1.920000000214783995e+03,3.840000000429567990e+03,7.680000000859135980e+03,1.536000000171827196e+04,3.072000000343654392e+04,6.144000000687308784e+04,7.104000000794700463e+04,1.920000000259967919e+03,3.840000000519935838e+03,7.680000001039871677e+03,1.536000000207974335e+04,3.072000000415948671e+04,6.144000000831897341e+04,7.104000000961881597e+04,1.920000000535296067e+03,3.840000001070592134e+03,7.680000002141184268e+03,1.536000000428236854e+04,3.072000000856473707e+04,6.144000001712947414e+04,7.104000001980595698e+04,-2.880000000000000071e+01,0.000000000000000000e+00,0.000000000000000000e+00,0.000000000000000000e+00
0.000000000000000000e+00,0.000000000000000000e+00,0.000000000000000000e+00,0.000000000000000000e+00,0.000000000000000000e+00,0.000000000000000000e+00,-1.808967013613847957e+05,2.220000000248343895e+03,4.440000000496687790e+03,8.880000000993375579e+03,1.776000000198675116e+04,3.552000000397350232e+04,7.104000000794700463e+04,8.214000000918873411e+04,2.220000000300587999e+03,4.440000000601175998e+03,8.880000001202351996e+03,1.776000000240470399e+04,3.552000000480940798e+04,7.104000000961881597e+04,8.214000001112175232e+04,2.220000000618936156e+03,4.440000001237872311e+03,8.880000002475744623e+03,1.776000000495148925e+04,3.552000000990297849e+04,7.104000001980595698e+04,8.214000002290062548e+04,-3.329999999999999716e+01,0.000000000000000000e+00,0.000000000000000000e+00,0.000000000000000000e+00
0.000000000000000000e+00,0.000000000000000000e+00,0.000000000000000000e+00,0.000000000000000000e+00,0.000000000000000000e+00,0.000000000000000000e+00,0.000000000000000000e+00,-5.969100005253298150e+03,1.200000000748079998e+02,2.400000001496159996e+02,4.800000002992319992e+02,9.600000005984639984e+02,1.920000001196927997e+03,2.220000001383948074e+03,6.000000000613599838e+01,1.200000000122719968e+02,2.400000000245439935e+02,4.800000000490879870e+02,9.600000000981759740e+02,1.920000000196351948e+03,2.220000000227032160e+03,6.000000000436399716e+01,1.200000000087279943e+02,2.400000000174559887e+02,4.800000000349119773e+02,9.600000000698239546e+02,1.920000000139647909e+03,2.220000000161468051e+03,0.000000000000000000e+00,-9.000000000000000222e-01,0.000000000000000000e+00,0.000000000000000000e+00
0.000000000000000000e+00,0.000000000000000000e+00,0.000000000000000000e+00,0.000000000000000000e+00,0.000000000000000000e+00,0.000000000000000000e+00,0.000000000000000000e+00,0.000000000000000000e+00,-1.187820001046919242e+04,4.800000002992319992e+02,9.600000005984639984e+02,1.920000001196927997e+03,3.840000002393855993e+03,4.440000002767896149e+03,1.200000000122719968e+02,2.400000000245439935e+02,4.800000000490879870e+02,9.600000000981759740e+02,1.920000000196351948e+03,3.840000000392703896e+03,4.440000000454064320e+03,1.200000000087279943e+02,2.400000000174559887e+02,4.800000000349119773e+02,9.600000000698239546e+02,1.920000000139647909e+03,3.840000000279295818e+03,4.440000000322936103e+03,0.000000000000000000e+00,-1.800000000000000044e+00,0.000000000000000000e+00,0.000000000000000000e+00
0.000000000000000000e+00,0.000000000000000000e+00,0.000000000000000000e+00,0.000000000000000000e+00,0.000000000000000000e+00,0.000000000000000000e+00,0.000000000000000000e+00,0.000000000000000000e+00,0.000000000000000000e+00,-2.351640002078876933e+04,1.920000001196927997e+03,3.840000002393855993e+03,7.680000004787711987e+03,8.880000005535792297e+03,2.400000000245439935e+02,4.800000000490879870e+02,9.600000000981759740e+02,1.920000000196351948e+03,3.840000000392703896e+03,7.680000000785407792e+03,8.880000000908128641e+03,2.400000000174559887e+02,4.800000000349119773e+02,9.600000000698239546e+02,1.920000000139647909e+03,3.840000000279295818e+03,7.680000000558591637e+03,8.880000000645872205e+03,0.000000000000000000e+00,-3.600000000000000089e+00,0.000000000000000000e+00,0.000000000000000000e+00
0.000000000000000000e+00,0.000000000000000000e+00,0.000000000000000000e+00,0.000000000000000000e+00,0.000000000000000000e+00,0.000000000000000000e+00,0.000000000000000000e+00,0.000000000000000000e+00,0.000000000000000000e+00,0.000000000000000000e+00,-4.607280004097906931e+04,7.680000004787711987e+03,1.536000000957542397e+04,1.776000001107158459e+04,4.800000000490879870e+02,9.600000000981759740e+02,1.920000000196351948e+03,3.840000000392703896e+03,7.680000000785407792e+03,1.536000000157081558e+04,1.776000000181625728e+04,4.800000000349119773e+02,9.600000000698239546e+02,1.920000000139647909e+03,3.840000000279295818e+03,7.680000000558591637e+03,1.536000000111718327e+04,1.776000000129174441e+04,0.000000000000000000e+00,-7.200000000000000178e+00,0.000000000000000000e+00,0.000000000000000000e+00
0.000000000000000000e+00,0.000000000000000000e+00,0.000000000000000000e+00,0.000000000000000000e+00,0.000000000000000000e+00,0.000000000000000000e+00,0.000000000000000000e+00,0.000000000000000000e+00,0.000000000000000000e+00,0.000000000000000000e+00,0.000000000000000000e+00,-8.830560007956429035e+04,3.072000001915084795e+04,3.552000002214316919e+04,9.600000000981759740e+02,1.920000000196351948e+03,3.840000000392703896e+03,7.680000000785407792e+03,1.536000000157081558e+04,3.072000000314163117e+04,3.552000000363251456e+04,9.600000000698239546e+02,1.920000000139647909e+03,3.840000000279295818e+03,7.680000000558591637e+03,1.536000000111718327e+04,3.072000000223436655e+04,3.552000000258348882e+04,0.000000000000000000e+00,-1.440000000000000036e+01,0.000000000000000000e+00,0.000000000000000000e+00
0.000000000000000000e+00,0.000000000000000000e+00,0.000000000000000000e+00,0.000000000000000000e+00,0.000000000000000000e+00,0.000000000000000000e+00,0.000000000000000000e+00,0.000000000000000000e+00,0.000000000000000000e+00,0.000000000000000000e+00,0.000000000000000000e+00,0.000000000000000000e+00,-1.612512001495531586e+05,7.104000004428633838e+04,1.920000000196351948e+03,3.840000000392703896e+03,7.680000000785407792e+03,1.536000000157081558e+04,3.072000000314163117e+04,6.144000000628326234e+04,7.104000000726502913e+04,1.920000000139647909e+03,3.840000000279295818e+03,7.680000000558591637e+03,1.536000000111718327e+04,3.072000000223436655e+04,6.144000000446873310e+04,7.104000000516697764e+04,0.000000000000000000e+00,-2.880000000000000071e+01,0.000000000000000000e+00,0.000000000000000000e+00
0.000000000000000000e+00,0.000000000000000000e+00,0.000000000000000000e+00,0.000000000000000000e+00,0.000000000000000000e+00,0.000000000000000000e+00,0.000000000000000000e+00,0.000000000000000000e+00,0.000000000000000000e+00,0.000000000000000000e+00,0.000000000000000000e+00,0.000000000000000000e+00,0.000000000000000000e+00,-1.808967001694609644e+05,2.220000000227032160e+03,4.440000000454064320e+03,8.880000000908128641e+03,1.776000000181625728e+04,3.552000000363251456e+04,7.104000000726502913e+04,8.214000000840018038e+04,2.220000000161468051e+03,4.440000000322936103e+03,8.880000000645872205e+03,1.776000000129174441e+04,3.552000000258348882e+04,7.104000000516697764e+04,8.214000000597431790e+04,0.000000000000000000e+00,-3.329999999999999716e+01,0.000000000000000000e+00,0.000000000000000000e+00
0.000000000000000000e+00,0.000000000000000000e+00,0.000000000000000000e+00,0.000000000000000000e+00,0.000000000000000000e+00,0.000000000000000000e+00,0.000000000000000000e+00,0.000000000000000000e+00,0.000000000000000000e+00,0.000000000000000000e+00,0.000000000000000000e+00,0.000000000000000000e+00,0.000000000000000000e+00,0.000000000000000000e+00,-5.969100025373426433e+03,1.200000000742959969e+02,2.400000001485919938e+02,4.800000002971839876e+02,9.600000005943679753e+02,1.920000001188735951e+03,2.220000001374476142e+03,6.000000000362400243e+01,1.200000000072480049e+02,2.400000000144960097e+02,4.800000000289920195e+02,9.600000000579840389e+02,1.920000000115968078e+03,2.220000000134088168e+03,0.000000000000000000e+00,0.000000000000000000e+00,-9.000000000000000222e-01,0.000000000000000000e+00
0.000000000000000000e+00,0.000000000000000000e+00,0.000000000000000000e+00,0.000000000000000000e+00,0.000000000000000000e+00,0.000000000000000000e+00,0.000000000000000000e+00,0.000000000000000000e+00,0.000000000000000000e+00,0.000000000000000000e+00,0.000000000000000000e+00,0.000000000000000000e+00,0.000000000000000000e+00,0.000000000000000000e+00,0.000000000000000000e+00,-1.187820005070970365e+04,4.800000002971839876e+02,9.600000005943679753e+02,1.920000001188735951e+03,3.840000002377471901e+03,4.440000002748952284e+03,1.200000000072480049e+02,2.400000000144960097e+02,4.800000000289920195e+02,9.600000000579840389e+02,1.920000000115968078e+03,3.840000000231936156e+03,4.440000000268176336e+03,0.000000000000000000e+00,0.000000000000000000e+00,-1.800000000000000044e+00,0.000000000000000000e+00
0.000000000000000000e+00,0.000000000000000000e+00,0.000000000000000000e+00,0.000000000000000000e+00,0.000000000000000000e+00,0.000000000000000000e+00,0.000000000000000000e+00,0.000000000000000000e+00,0.000000000000000000e+00,0.000000000000000000e+00,0.000000000000000000e+00,0.000000000000000000e+00,0.000000000000000000e+00,0.000000000000000000e+00,0.000000000000000000e+00,0.000000000000000000e+00,-2.351640010127081769e+04,1.920000001188735951e+03,3.840000002377471901e+03,7.680000004754943802e+03,8.880000005497904567e+03,2.400000000144960097e+02,4.800000000289920195e+02,9.600000000579840389e+02,1.920000000115968078e+03,3.840000000231936156e+03,7.680000000463872311e+03,8.880000000536352672e+03,0.000000000000000000e+00,0.000000000000000000e+00,-3.600000000000000089e+00,0.000000000000000000e+00
0.000000000000000000e+00,0.000000000000000000e+00,0.000000000000000000e+00,0.000000000000000000e+00,0.000000000000000000e+00,0.000000000000000000e+00,0.000000000000000000e+00,0.000000000000000000e+00,0.000000000000000000e+00,0.000000000000000000e+00,0.000000000000000000e+00,0.000000000000000000e+00,0.000000000000000000e+00,0.000000000000000000e+00,0.000000000000000000e+00,0.000000000000000000e+00,0.000000000000000000e+00,-4.607280020194726239e+04,7.680000004754943802e+03,1.536000000950988760e+04,1.776000001099580913e+04,4.800000000289920195e+02,9.600000000579840389e+02,1.920000000115968078e+03,3.840000000231936156e+03,7.680000000463872311e+03,1.536000000092774462e+04,1.776000000107270534e+04,0.000000000000000000e+00,0.000000000000000000e+00,-7.200000000000000178e+00,0.000000000000000000e+00
0.000000000000000000e+00,0.000000000000000000e+00,0.000000000000000000e+00,0.000000000000000000e+00,0.000000000000000000e+00,0.000000000000000000e+00,0.000000000000000000e+00,0.000000000000000000e+00,0.000000000000000000e+00,0.000000000000000000e+00,0.000000000000000000e+00,0.000000000000000000e+00,0.000000000000000000e+00,0.000000000000000000e+00,0.000000000000000000e+00,0.000000000000000000e+00,0.000000000000000000e+00,0.000000000000000000e+00,-8.830560040151706198e+04,3.072000001901977521e+04,3.552000002199161827e+04,9.600000000579840389e+02,1.920000000115968078e+03,3.840000000231936156e+03,7.680000000463872311e+03,1.536000000092774462e+04,3.072000000185548924e+04,3.552000000214541069e+04,0.000000000000000000e+00,0.000000000000000000e+00,-1.440000000000000036e+01,0.000000000000000000e+00
0.000000000000000000e+00,0.000000000000000000e+00,0.000000000000000000e+00,0.000000000000000000e+00,0.000000000000000000e+00,0.000000000000000000e+00,0.000000000000000000e+00,0.000000000000000000e+00,0.000000000000000000e+00,0.000000000000000000e+00,0.000000000000000000e+00,0.000000000000000000e+00,0.000000000000000000e+00,0.000000000000000000e+00,0.000000000000000000e+00,0.000000000000000000e+00,0.000000000000000000e+00,0.000000000000000000e+00,0.000000000000000000e+00,-1.612512007935242145e+05,7.104000004398323654e+04,1.920000000115968078e+03,3.840000000231936156e+03,7.680000000463872311e+03,1.536000000092774462e+04,3.072000000185548924e+04,6.144000000371097849e+04,7.104000000429082138e+04,0.000000000000000000e+00,0.000000000000000000e+00,-2.880000000000000071e+01,0.000000000000000000e+00
0.000000000000000000e+00,0.000000000000000000e+00,0.000000000000000000e+00,0.000000000000000000e+00,0.000000000000000000e+00,0.000000000000000000e+00,0.000000000000000000e+00,0.000000000000000000e+00,0.000000000000000000e+00,0.000000000000000000e+00,0.000000000000000000e+00,0.000000000000000000e+00,0.000000000000000000e+00,0.000000000000000000e+00,0.000000000000000000e+00,0.000000000000000000e+00,0.000000000000000000e+00,0.000000000000000000e+00,0.000000000000000000e+00,0.000000000000000000e+00,-1.808967009140761802e+05,2.220000000134088168e+03,4.440000000268176336e+03,8.880000000536352672e+03,1.776000000107270534e+04,3.552000000214541069e+04,7.104000000429082138e+04,8.214000000496125722e+04,0.000000000000000000e+00,0.000000000000000000e+00,-3.329999999999999716e+01,0.000000000000000000e+00
0.000000000000000000e+00,0.000000000000000000e+00,0.000000000000000000e+00,0.000000000000000000e+00,0.000000000000000000e+00,0.000000000000000000e+00,0.000000000000000000e+00,0.000000000000000000e+00,0.000000000000000000e+00,0.000000000000000000e+00,0.000000000000000000e+00,0.000000000000000000e+00,0.000000000000000000e+00,0.000000000000000000e+00,0.000000000000000000e+00,0.000000000000000000e+00,0.000000000000000000e+00,0.000000000000000000e+00,0.000000000000000000e+00,0.000000000000000000e+00,0.000000000000000000e+00,-5.969100010990409828e+03,1.200000001023600049e+02,2.400000002047200098e+02,4.800000004094400197e+02,9.600000008188800393e+02,1.920000001637760079e+03,2.220000001893659828e+03,0.000000000000000000e+00,0.000000000000000000e+00,0.000000000000000000e+00,-9.000000000000000222e-01
0.000000000000000000e+00,0.000000000000000000e+00,0.000000000000000000e+00,0.000000000000000000e+00,0.000000000000000000e+00,0.000000000000000000e+00,0.000000000000000000e+00,0.000000000000000000e+00,0.000000000000000000e+00,0.000000000000000000e+00,0.000000000000000000e+00,0.000000000000000000e+00,0.000000000000000000e+00,0.000000000000000000e+00,0.000000000000000000e+00,0.000000000000000000e+00,0.000000000000000000e+00,0.000000000000000000e+00,0.000000000000000000e+00,0.000000000000000000e+00,0.000000000000000000e+00,0.000000000000000000e+00,-1.187820002192964057e+04,4.800000004094400197e+02,9.600000008188800393e+02,1.920000001637760079e+03,3.840000003275520157e+03,4.440000003787319656e+03,0.000000000000000000e+00,0.000000000000000000e+00,0.000000000000000000e+00,-1.800000000000000044e+00
0.000000000000000000e+00,0.000000000000000000e+00,0.000000000000000000e+00,0.000000000000000000e+00,0.000000000000000000e+00,0.000000000000000000e+00,0.000000000000000000e+00,0.000000000000000000e+00,0.000000000000000000e+00,0.000000000000000000e+00,0.000000000000000000e+00,0.000000000000000000e+00,0.000000000000000000e+00,0.000000000000000000e+00,0.000000000000000000e+00,0.000000000000000000e+00,0.000000000000000000e+00,0.000000000000000000e+00,0.000000000000000000e+00,0.000000000000000000e+00,0.000000000000000000e+00,0.000000000000000000e+00,0.000000000000000000e+00,-2.351640004365456116e+04,1.920000001637760079e+03,3.840000003275520157e+03,7.680000006551040315e+03,8.880000007574639312e+03,0.000000000000000000e+00,0.000000000000000000e+00,0.000000000000000000e+00,-3.600000000000000089e+00
0.000000000000000000e+00,0.000000000000000000e+00,0.000000000000000000e+00,0.000000000000000000e+00,0.000000000000000000e+00,0.000000000000000000e+00,0.000000000000000000e+00,0.000000000000000000e+00,0.000000000000000000e+00,0.000000000000000000e+00,0.000000000000000000e+00,0.000000000000000000e+00,0.000000000000000000e+00,0.000000000000000000e+00,0.000000000000000000e+00,0.000000000000000000e+00,0.000000000000000000e+00,0.000000000000000000e+00,0.000000000000000000e+00,0.000000000000000000e+00,0.000000000000000000e+00,0.000000000000000000e+00,0.000000000000000000e+00,0.000000000000000000e+00,-4.607280008649024239e+04,7.680000006551040315e+03,1.536000001310208063e+04,1.776000001514927862e+04,0.000000000000000000e+00,0.000000000000000000e+00,0.000000000000000000e+00,-7.200000000000000178e+00
0.000000000000000000e+00,0.000000000000000000e+00,0.000000000000000000e+00,0.000000000000000000e+00,0.000000000000000000e+00,0.000000000000000000e+00,0.000000000000000000e+00,0.000000000000000000e+00,0.000000000000000000e+00,0.000000000000000000e+00,0.000000000000000000e+00,0.000000000000000000e+00,0.000000000000000000e+00,0.000000000000000000e+00,0.000000000000000000e+00,0.000000000000000000e+00,0.000000000000000000e+00,0.000000000000000000e+00,0.000000000000000000e+00,0.000000000000000000e+00,0.000000000000000000e+00,0.000000000000000000e+00,0.000000000000000000e+00,0.000000000000000000e+00,0.000000000000000000e+00,-8.830560016970496508e+04,3.072000002620416126e+04,3.552000003029855725e+04,0.000000000000000000e+00,0.000000000000000000e+00,0.000000000000000000e+00,-1.440000000000000036e+01
0.000000000000000000e+00,0.000000000000000000e+00,0.000000000000000000e+00,0.000000000000000000e+00,0.000000000000000000e+00,0.000000000000000000e+00,0.000000000000000000e+00,0.000000000000000000e+00,0.000000000000000000e+00,0.000000000000000000e+00,0.000000000000000000e+00,0.000000000000000000e+00,0.000000000000000000e+00,0.000000000000000000e+00,0.000000000000000000e+00,0.000000000000000000e+00,0.000000000000000000e+00,0.000000000000000000e+00,0.000000000000000000e+00,0.000000000000000000e+00,0.000000000000000000e+00,0.000000000000000000e+00,0.000000000000000000e+00,0.000000000000000000e+00,0.000000000000000000e+00,0.000000000000000000e+00,-1.612512003263078514e+05,7.104000006059711450e+04,0.000000000000000000e+00,0.000000000000000000e+00,0.000000000000000000e+00,-2.880000000000000071e+01
0.000000000000000000e+00,0.000000000000000000e+00,0.000000000000000000e+00,0.000000000000000000e+00,0.000000000000000000e+00,0.000000000000000000e+00,0.000000000000000000e+00,0.000000000000000000e+00,0.000000000000000000e+00,0.000000000000000000e+00,0.000000000000000000e+00,0.000000000000000000e+00,0.000000000000000000e+00,0.000000000000000000e+00,0.000000000000000000e+00,0.000000000000000000e+00,0.000000000000000000e+00,0.000000000000000000e+00,0.000000000000000000e+00,0.000000000000000000e+00,0.000000000000000000e+00,0.000000000000000000e+00,0.000000000000000000e+00,0.000000000000000000e+00,0.000000000000000000e+00,0.000000000000000000e+00,0.000000000000000000e+00,-1.808967003725592804e+05,0.000000000000000000e+00,0.000000000000000000e+00,0.000000000000000000e+00,-3.329999999999999716e+01
0.000000000000000000e+00,0.000000000000000000e+00,0.000000000000000000e+00,0.000000000000000000e+00,0.000000000000000000e+00,0.000000000000000000e+00,0.000000000000000000e+00,0.000000000000000000e+00,0.000000000000000000e+00,0.000000000000000000e+00,0.000000000000000000e+00,0.000000000000000000e+00,0.000000000000000000e+00,0.000000000000000000e+00,0.000000000000000000e+00,0.000000000000000000e+00,0.000000000000000000e+00,0.000000000000000000e+00,0.000000000000000000e+00,0.000000000000000000e+00,0.000000000000000000e+00,0.000000000000000000e+00,0.000000000000000000e+00,0.000000000000000000e+00,0.000000000000000000e+00,0.000000000000000000e+00,0.000000000000000000e+00,0.000000000000000000e+00,-2.700000000000000000e+02,1.800000000000000000e+02,1.800000000000000000e+02,1.800000000000000000e+02
0.000000000000000000e+00,0.000000000000000000e+00,0.000000000000000000e+00,0.000000000000000000e+00,0.000000000000000000e+00,0.000000000000000000e+00,0.000000000000000000e+00,0.000000000000000000e+00,0.000000000000000000e+00,0.000000000000000000e+00,0.000000000000000000e+00,0.000000000000000000e+00,0.000000000000000000e+00,0.000000000000000000e+00,0.000000000000000000e+00,0.000000000000000000e+00,0.000000000000000000e+00,0.000000000000000000e+00,0.000000000000000000e+00,0.000000000000000000e+00,0.000000000000000000e+00,0.000000000000000000e+00,0.000000000000000000e+00,0.000000000000000000e+00,0.000000000000000000e+00,0.000000000000000000e+00,0.000000000000000000e+00,0.000000000000000000e+00,0.000000000000000000e+00,-2.700000000000000000e+02,1.800000000000000000e+02,1.800000000000000000e+02
0.000000000000000000e+00,0.000000000000000000e+00,0.000000000000000000e+00,0.000000000000000000e+00,0.000000000000000000e+00,0.000000000000000000e+00,0.000000000000000000e+00,0.000000000000000000e+00,0.000000000000000000e+00,0.000000000000000000e+00,0.000000000000000000e+00,0.000000000000000000e+00,0.000000000000000000e+00,0.000000000000000000e+00,0.000000000000000000e+00,0.000000000000000000e+00,0.000000000000000000e+00,0.000000000000000000e+00,0.000000000000000000e+00,0.000000000000000000e+00,0.000000000000000000e+00,0.000000000000000000e+00,0.000000000000000000e+00,0.000000000000000000e+00,0.000000000000000000e+00,0.000000000000000000e+00,0.000000000000000000e+00,0.000000000000000000e+00,0.000000000000000000e+00,0.000000000000000000e+00,-2.700000000000000000e+02,1.800000000000000000e+02
0.000000000000000000e+00,0.000000000000000000e+00,0.000000000000000000e+00,0.000000000000000000e+00,0.000000000000000000e+00,0.000000000000000000e+00,0.000000000000000000e+00,0.000000000000000000e+00,0.000000000000000000e+00,0.000000000000000000e+00,0.000000000000000000e+00,0.000000000000000000e+00,0.000000000000000000e+00,0.000000000000000000e+00,0.000000000000000000e+00,0.000000000000000000e+00,0.000000000000000000e+00,0.000000000000000000e+00,0.000000000000000000e+00,0.000000000000000000e+00,0.000000000000000000e+00,0.000000000000000000e+00,0.000000000000000000e+00,0.000000000000000000e+00,0.000000000000000000e+00,0.000000000000000000e+00,0.000000000000000000e+00,0.000000000000000000e+00,0.000000000000000000e+00,0.000000000000000000e+00,0.000000000000000000e+00,-2.700000000000000000e+02
