3.029525019484000659e-01,1.200000859360000026e-02,2.400001718720000052e-02,4.800003437440000104e-02,9.600006874880000207e-02,1.920001374976000041e-01,7.800005585840001643e-02,6.000000335600000172e-03,1.200000067120000034e-02,2.400000134240000069e-02,4.800000268480000137e-02,9.600000536960000275e-02,1.920000107392000055e-01,7.800000436280001004e-02,6.000000406199999976e-03,1.200000081239999995e-02,2.400000162479999991e-02,4.800000324959999981e-02,9.600000649919999962e-02,1.920000129983999992e-01,7.800000528060001270e-02,6.000000836399999732e-03,1.200000167279999946e-02,2.400000334559999893e-02,4.800000669119999785e-02,9.600001338239999571e-02,1.920000267647999914e-01,7.800001087320000692e-02,-7.559998968768000260e-01,1.440000080543999972e-01,1.440000097487999786e-01,1.440000200735999936e-01
0.000000000000000000e+00,6.119050081935999419e-01,4.800003437440000104e-02,9.600006874880000207e-02,1.920001374976000041e-01,3.840002749952000083e-01,1.560001117168000329e-01,1.200000067120000034e-02,2.400000134240000069e-02,4.800000268480000137e-02,9.600000536960000275e-02,1.920000107392000055e-01,3.840000214784000110e-01,1.560000087256000201e-01,1.200000081239999995e-02,2.400000162479999991e-02,4.800000324959999981e-02,9.600000649919999962e-02,1.920000129983999992e-01,3.840000259967999985e-01,1.560000105612000254e-01,1.200000167279999946e-02,2.400000334559999893e-02,4.800000669119999785e-02,9.600001338239999571e-02,1.920000267647999914e-01,3.840000535295999828e-01,1.560000217464000138e-01,-1.511999793753600052e+00,2.880000161087999944e-01,2.880000194975999572e-01,2.880000401471999871e-01
0.000000000000000000e+00,0.000000000000000000e+00,1.247810033574400013e+00,1.920001374976000041e-01,3.840002749952000083e-01,7.680005499904000166e-01,3.120002234336000657e-01,2.400000134240000069e-02,4.800000268480000137e-02,9.600000536960000275e-02,1.920000107392000055e-01,3.840000214784000110e-01,7.680000429568000220e-01,3.120000174512000402e-01,2.400000162479999991e-02,4.800000324959999981e-02,9.600000649919999962e-02,1.920000129983999992e-01,3.840000259967999985e-01,7.680000519935999970e-01,3.120000211224000508e-01,2.400000334559999893e-02,4.800000669119999785e-02,9.600001338239999571e-02,1.920000267647999914e-01,3.840000535295999828e-01,7.680001070591999657e-01,3.120000434928000277e-01,-3.023999587507200104e+00,5.760000322175999887e-01,5.760000389951999145e-01,5.760000802943999743e-01
0.000000000000000000e+00,0.000000000000000000e+00,0.000000000000000000e+00,2.591620135897599653e+00,7.680005499904000166e-01,1.536001099980800033e+00,6.240004468672001314e-01,4.800000268480000137e-02,9.600000536960000275e-02,1.920000107392000055e-01,3.840000214784000110e-01,7.680000429568000220e-01,1.536000085913600044e+00,6.240000349024000803e-01,4.800000324959999981e-02,9.600000649919999962e-02,1.920000129983999992e-01,3.840000259967999985e-01,7.680000519935999970e-01,1.536000103987199994e+00,6.240000422448001016e-01,4.800000669119999785e-02,9.600001338239999571e-02,1.920000267647999914e-01,3.840000535295999828e-01,7.680001070591999657e-01,1.536000214118399931e+00,6.240000869856000554e-01,-6.047999175014400208e+00,1.152000064435199977e+00,1.152000077990399829e+00,1.152000160588799949e+00
0.000000000000000000e+00,0.000000000000000000e+00,0.000000000000000000e+00,0.000000000000000000e+00,5.567240546790399591e+00,3.072002199961600066e+00,1.248000893734400263e+00,9.600000536960000275e-02,1.920000107392000055e-01,3.840000214784000110e-01,7.680000429568000220e-01,1.536000085913600044e+00,3.072000171827200088e+00,1.248000069804800161e+00,9.600000649919999962e-02,1.920000129983999992e-01,3.840000259967999985e-01,7.680000519935999970e-01,1.536000103987199994e+00,3.072000207974399988e+00,1.248000084489600203e+00,9.600001338239999571e-02,1.920000267647999914e-01,3.840000535295999828e-01,7.680001070591999657e-01,1.536000214118399931e+00,3.072000428236799863e+00,1.248000173971200111e+00,-1.209599835002880042e+01,2.304000128870399955e+00,2.304000155980799658e+00,2.304000321177599897e+00
0.000000000000000000e+00,0.000000000000000000e+00,0.000000000000000000e+00,0.000000000000000000e+00,0.000000000000000000e+00,1.267048219356160033e+01,2.496001787468800526e+00,1.920000107392000055e-01,3.840000214784000110e-01,7.680000429568000220e-01,1.536000085913600044e+00,3.072000171827200088e+00,6.144000343654400176e+00,2.496000139609600321e+00,1.920000129983999992e-01,3.840000259967999985e-01,7.680000519935999970e-01,1.536000103987199994e+00,3.072000207974399988e+00,6.144000415948799976e+00,2.496000168979200406e+00,1.920000267647999914e-01,3.840000535295999828e-01,7.680001070591999657e-01,1.536000214118399931e+00,3.072000428236799863e+00,6.144000856473599725e+00,2.496000347942400222e+00,-2.419199670005760083e+01,4.608000257740799910e+00,4.608000311961599316e+00,4.608000642355199794e+00
0.000000000000000000e+00,0.000000000000000000e+00,0.000000000000000000e+00,0.000000000000000000e+00,0.000000000000000000e+00,0.000000000000000000e+00,4.406382860479600261e+00,7.800000436280001004e-02,1.560000087256000201e-01,3.120000174512000402e-01,6.240000349024000803e-01,1.248000069804800161e+00,2.496000139609600321e+00,1.014000056716400033e+00,7.800000528060001270e-02,1.560000105612000254e-01,3.120000211224000508e-01,6.240000422448001016e-01,1.248000084489600203e+00,2.496000168979200406e+00,1.014000068647799901e+00,7.800001087320000692e-02,1.560000217464000138e-01,3.120000434928000277e-01,6.240000869856000554e-01,1.248000173971200111e+00,2.496000347942400222e+00,1.014000141351599993e+00,-9.827998659398401671e+00,1.872000104707199908e+00,1.872000126734399972e+00,1.872000260956799833e+00
0.000000000000000000e+00,0.000000000000000000e+00,0.000000000000000000e+00,0.000000000000000000e+00,0.000000000000000000e+00,0.000000000000000000e+00,0.000000000000000000e+00,3.029934768351000285e-01,1.200000374040000040e-02,2.400000748080000079e-02,4.800001496160000158e-02,9.600002992320000317e-02,1.920000598464000063e-01,7.800002431260001645e-02,6.000000306800000460e-03,1.200000061360000092e-02,2.400000122720000184e-02,4.800000245440000368e-02,9.600000490880000736e-02,1.920000098176000147e-01,7.800000398840001292e-02,6.000000218199999860e-03,1.200000043639999972e-02,2.400000087279999944e-02,4.800000174559999888e-02,9.600000349119999776e-02,1.920000069823999955e-01,7.800000283660001033e-02,1.440000080543999972e-01,-7.559999551152000175e-01,1.440000073631999833e-01,1.440000052367999828e-01
0.000000000000000000e+00,0.000000000000000000e+00,0.000000000000000000e+00,0.000000000000000000e+00,0.000000000000000000e+00,0.000000000000000000e+00,0.000000000000000000e+00,0.000000000000000000e+00,6.119869555403998351e-01,4.800001496160000158e-02,9.600002992320000317e-02,1.920000598464000063e-01,3.840001196928000127e-01,1.560000486252000329e-01,1.200000061360000092e-02,2.400000122720000184e-02,4.800000245440000368e-02,9.600000490880000736e-02,1.920000098176000147e-01,3.840000196352000295e-01,1.560000079768000258e-01,1.200000043639999972e-02,2.400000087279999944e-02,4.800000174559999888e-02,9.600000349119999776e-02,1.920000069823999955e-01,3.840000139647999911e-01,1.560000056732000207e-01,2.880000161087999944e-01,-1.511999910230400035e+00,2.880000147263999666e-01,2.880000104735999655e-01
0.000000000000000000e+00,0.000000000000000000e+00,0.000000000000000000e+00,0.000000000000000000e+00,0.000000000000000000e+00,0.000000000000000000e+00,0.000000000000000000e+00,0.000000000000000000e+00,0.000000000000000000e+00,1.247973918561600115e+00,1.920000598464000063e-01,3.840001196928000127e-01,7.680002393856000253e-01,3.120000972504000658e-01,2.400000122720000184e-02,4.800000245440000368e-02,9.600000490880000736e-02,1.920000098176000147e-01,3.840000196352000295e-01,7.680000392704000589e-01,3.120000159536000517e-01,2.400000087279999944e-02,4.800000174559999888e-02,9.600000349119999776e-02,1.920000069823999955e-01,3.840000139647999911e-01,7.680000279295999821e-01,3.120000113464000413e-01,5.760000322175999887e-01,-3.023999820460800070e+00,5.760000294527999332e-01,5.760000209471999311e-01
0.000000000000000000e+00,0.000000000000000000e+00,0.000000000000000000e+00,0.000000000000000000e+00,0.000000000000000000e+00,0.000000000000000000e+00,0.000000000000000000e+00,0.000000000000000000e+00,0.000000000000000000e+00,0.000000000000000000e+00,2.591947867046399345e+00,7.680002393856000253e-01,1.536000478771200051e+00,6.240001945008001316e-01,4.800000245440000368e-02,9.600000490880000736e-02,1.920000098176000147e-01,3.840000196352000295e-01,7.680000392704000589e-01,1.536000078540800118e+00,6.240000319072001034e-01,4.800000174559999888e-02,9.600000349119999776e-02,1.920000069823999955e-01,3.840000139647999911e-01,7.680000279295999821e-01,1.536000055859199964e+00,6.240000226928000826e-01,1.152000064435199977e+00,-6.047999640921600140e+00,1.152000058905599866e+00,1.152000041894399862e+00
0.000000000000000000e+00,0.000000000000000000e+00,0.000000000000000000e+00,0.000000000000000000e+00,0.000000000000000000e+00,0.000000000000000000e+00,0.000000000000000000e+00,0.000000000000000000e+00,0.000000000000000000e+00,0.000000000000000000e+00,0.000000000000000000e+00,5.567895853785600480e+00,3.072000957542400101e+00,1.248000389001600263e+00,9.600000490880000736e-02,1.920000098176000147e-01,3.840000196352000295e-01,7.680000392704000589e-01,1.536000078540800118e+00,3.072000157081600236e+00,1.248000063814400207e+00,9.600000349119999776e-02,1.920000069823999955e-01,3.840000139647999911e-01,7.680000279295999821e-01,1.536000055859199964e+00,3.072000111718399928e+00,1.248000045385600165e+00,2.304000128870399955e+00,-1.209599928184320028e+01,2.304000117811199733e+00,2.304000083788799724e+00
0.000000000000000000e+00,0.000000000000000000e+00,0.000000000000000000e+00,0.000000000000000000e+00,0.000000000000000000e+00,0.000000000000000000e+00,0.000000000000000000e+00,0.000000000000000000e+00,0.000000000000000000e+00,0.000000000000000000e+00,0.000000000000000000e+00,0.000000000000000000e+00,1.267179218634240101e+01,2.496000778003200526e+00,1.920000098176000147e-01,3.840000196352000295e-01,7.680000392704000589e-01,1.536000078540800118e+00,3.072000157081600236e+00,6.144000314163200471e+00,2.496000127628800414e+00,1.920000069823999955e-01,3.840000139647999911e-01,7.680000279295999821e-01,1.536000055859199964e+00,3.072000111718399928e+00,6.144000223436799857e+00,2.496000090771200330e+00,4.608000257740799910e+00,-2.419199856368640056e+01,4.608000235622399465e+00,4.608000167577599449e+00
0.000000000000000000e+00,0.000000000000000000e+00,0.000000000000000000e+00,0.000000000000000000e+00,0.000000000000000000e+00,0.000000000000000000e+00,0.000000000000000000e+00,0.000000000000000000e+00,0.000000000000000000e+00,0.000000000000000000e+00,0.000000000000000000e+00,0.000000000000000000e+00,0.000000000000000000e+00,4.406915344731900497e+00,7.800000398840001292e-02,1.560000079768000258e-01,3.120000159536000517e-01,6.240000319072001034e-01,1.248000063814400207e+00,2.496000127628800414e+00,1.014000051849200057e+00,7.800000283660001033e-02,1.560000056732000207e-01,3.120000113464000413e-01,6.240000226928000826e-01,1.248000045385600165e+00,2.496000090771200330e+00,1.014000036875799982e+00,1.872000104707199908e+00,-9.827999416497601004e+00,1.872000095721599866e+00,1.872000068078399915e+00
0.000000000000000000e+00,0.000000000000000000e+00,0.000000000000000000e+00,0.000000000000000000e+00,0.000000000000000000e+00,0.000000000000000000e+00,0.000000000000000000e+00,0.000000000000000000e+00,0.000000000000000000e+00,0.000000000000000000e+00,0.000000000000000000e+00,0.000000000000000000e+00,0.000000000000000000e+00,0.000000000000000000e+00,3.029685783287000556e-01,1.200000371480000085e-02,2.400000742960000169e-02,4.800001485920000338e-02,9.600002971840000676e-02,1.920000594368000135e-01,7.800002414620001157e-02,6.000000181200000442e-03,1.200000036240000088e-02,2.400000072480000177e-02,4.800000144960000353e-02,9.600000289920000707e-02,1.920000057984000141e-01,7.800000235560002049e-02,1.440000097487999786e-01,1.440000073631999833e-01,-7.559999554224000606e-01,1.440000043487999759e-01
0.000000000000000000e+00,0.000000000000000000e+00,0.000000000000000000e+00,0.000000000000000000e+00,0.000000000000000000e+00,0.000000000000000000e+00,0.000000000000000000e+00,0.000000000000000000e+00,0.000000000000000000e+00,0.000000000000000000e+00,0.000000000000000000e+00,0.000000000000000000e+00,0.000000000000000000e+00,0.000000000000000000e+00,0.000000000000000000e+00,6.119371585147999060e-01,4.800001485920000338e-02,9.600002971840000676e-02,1.920000594368000135e-01,3.840001188736000270e-01,1.560000482924000231e-01,1.200000036240000088e-02,2.400000072480000177e-02,4.800000144960000353e-02,9.600000289920000707e-02,1.920000057984000141e-01,3.840000115968000283e-01,1.560000047112000410e-01,2.880000194975999572e-01,2.880000147263999666e-01,-1.511999910844800121e+00,2.880000086975999518e-01
0.000000000000000000e+00,0.000000000000000000e+00,0.000000000000000000e+00,0.000000000000000000e+00,0.000000000000000000e+00,0.000000000000000000e+00,0.000000000000000000e+00,0.000000000000000000e+00,0.000000000000000000e+00,0.000000000000000000e+00,0.000000000000000000e+00,0.000000000000000000e+00,0.000000000000000000e+00,0.000000000000000000e+00,0.000000000000000000e+00,0.000000000000000000e+00,1.247874324459200324e+00,1.920000594368000135e-01,3.840001188736000270e-01,7.680002377472000541e-01,3.120000965848000463e-01,2.400000072480000177e-02,4.800000144960000353e-02,9.600000289920000707e-02,1.920000057984000141e-01,3.840000115968000283e-01,7.680000231936000565e-01,3.120000094224000819e-01,5.760000389951999145e-01,5.760000294527999332e-01,-3.023999821689600243e+00,5.760000173951999036e-01
0.000000000000000000e+00,0.000000000000000000e+00,0.000000000000000000e+00,0.000000000000000000e+00,0.000000000000000000e+00,0.000000000000000000e+00,0.000000000000000000e+00,0.000000000000000000e+00,0.000000000000000000e+00,0.000000000000000000e+00,0.000000000000000000e+00,0.000000000000000000e+00,0.000000000000000000e+00,0.000000000000000000e+00,0.000000000000000000e+00,0.000000000000000000e+00,0.000000000000000000e+00,2.591748678636800030e+00,7.680002377472000541e-01,1.536000475494400108e+00,6.240001931696000925e-01,4.800000144960000353e-02,9.600000289920000707e-02,1.920000057984000141e-01,3.840000115968000283e-01,7.680000231936000565e-01,1.536000046387200113e+00,6.240000188448001639e-01,1.152000077990399829e+00,1.152000058905599866e+00,-6.047999643379200485e+00,1.152000034790399807e+00
0.000000000000000000e+00,0.000000000000000000e+00,0.000000000000000000e+00,0.000000000000000000e+00,0.000000000000000000e+00,0.000000000000000000e+00,0.000000000000000000e+00,0.000000000000000000e+00,0.000000000000000000e+00,0.000000000000000000e+00,0.000000000000000000e+00,0.000000000000000000e+00,0.000000000000000000e+00,0.000000000000000000e+00,0.000000000000000000e+00,0.000000000000000000e+00,0.000000000000000000e+00,0.000000000000000000e+00,5.567497476147199365e+00,3.072000950988800216e+00,1.248000386339200185e+00,9.600000289920000707e-02,1.920000057984000141e-01,3.840000115968000283e-01,7.680000231936000565e-01,1.536000046387200113e+00,3.072000092774400226e+00,1.248000037689600328e+00,2.304000155980799658e+00,2.304000117811199733e+00,-1.209599928675840097e+01,2.304000069580799614e+00
0.000000000000000000e+00,0.000000000000000000e+00,0.000000000000000000e+00,0.000000000000000000e+00,0.000000000000000000e+00,0.000000000000000000e+00,0.000000000000000000e+00,0.000000000000000000e+00,0.000000000000000000e+00,0.000000000000000000e+00,0.000000000000000000e+00,0.000000000000000000e+00,0.000000000000000000e+00,0.000000000000000000e+00,0.000000000000000000e+00,0.000000000000000000e+00,0.000000000000000000e+00,0.000000000000000000e+00,0.000000000000000000e+00,1.267099542778879950e+01,2.496000772678400370e+00,1.920000057984000141e-01,3.840000115968000283e-01,7.680000231936000565e-01,1.536000046387200113e+00,3.072000092774400226e+00,6.144000185548800452e+00,2.496000075379200656e+00,4.608000311961599316e+00,4.608000235622399465e+00,-2.419199857351680194e+01,4.608000139161599229e+00
0.000000000000000000e+00,0.000000000000000000e+00,0.000000000000000000e+00,0.000000000000000000e+00,0.000000000000000000e+00,0.000000000000000000e+00,0.000000000000000000e+00,0.000000000000000000e+00,0.000000000000000000e+00,0.000000000000000000e+00,0.000000000000000000e+00,0.000000000000000000e+00,0.000000000000000000e+00,0.000000000000000000e+00,0.000000000000000000e+00,0.000000000000000000e+00,0.000000000000000000e+00,0.000000000000000000e+00,0.000000000000000000e+00,0.000000000000000000e+00,4.406591663150300597e+00,7.800000235560002049e-02,1.560000047112000410e-01,3.120000094224000819e-01,6.240000188448001639e-01,1.248000037689600328e+00,2.496000075379200656e+00,1.014000030622800086e+00,1.872000126734399972e+00,1.872000095721599866e+00,-9.827999420491201121e+00,1.872000056534399937e+00
0.000000000000000000e+00,0.000000000000000000e+00,0.000000000000000000e+00,0.000000000000000000e+00,0.000000000000000000e+00,0.000000000000000000e+00,0.000000000000000000e+00,0.000000000000000000e+00,0.000000000000000000e+00,0.000000000000000000e+00,0.000000000000000000e+00,0.000000000000000000e+00,0.000000000000000000e+00,0.000000000000000000e+00,0.000000000000000000e+00,0.000000000000000000e+00,0.000000000000000000e+00,0.000000000000000000e+00,0.000000000000000000e+00,0.000000000000000000e+00,0.000000000000000000e+00,3.029863689795000425e-01,1.200000511799999975e-02,2.400001023599999950e-02,4.800002047199999899e-02,9.600004094399999799e-02,1.920000818879999960e-01,7.800003326700001571e-02,1.440000200735999936e-01,1.440000052367999828e-01,1.440000043487999759e-01,-7.559999385840000530e-01
0.000000000000000000e+00,0.000000000000000000e+00,0.000000000000000000e+00,0.000000000000000000e+00,0.000000000000000000e+00,0.000000000000000000e+00,0.000000000000000000e+00,0.000000000000000000e+00,0.000000000000000000e+00,0.000000000000000000e+00,0.000000000000000000e+00,0.000000000000000000e+00,0.000000000000000000e+00,0.000000000000000000e+00,0.000000000000000000e+00,0.000000000000000000e+00,0.000000000000000000e+00,0.000000000000000000e+00,0.000000000000000000e+00,0.000000000000000000e+00,0.000000000000000000e+00,0.000000000000000000e+00,6.119727405179997692e-01,4.800002047199999899e-02,9.600004094399999799e-02,1.920000818879999960e-01,3.840001637759999920e-01,1.560000665340000314e-01,2.880000401471999871e-01,2.880000104735999655e-01,2.880000086975999518e-01,-1.511999877168000106e+00
0.000000000000000000e+00,0.000000000000000000e+00,0.000000000000000000e+00,0.000000000000000000e+00,0.000000000000000000e+00,0.000000000000000000e+00,0.000000000000000000e+00,0.000000000000000000e+00,0.000000000000000000e+00,0.000000000000000000e+00,0.000000000000000000e+00,0.000000000000000000e+00,0.000000000000000000e+00,0.000000000000000000e+00,0.000000000000000000e+00,0.000000000000000000e+00,0.000000000000000000e+00,0.000000000000000000e+00,0.000000000000000000e+00,0.000000000000000000e+00,0.000000000000000000e+00,0.000000000000000000e+00,0.000000000000000000e+00,1.247945491272000051e+00,1.920000818879999960e-01,3.840001637759999920e-01,7.680003275519999839e-01,3.120001330680000629e-01,5.760000802943999743e-01,5.760000209471999311e-01,5.760000173951999036e-01,-3.023999754336000212e+00
0.000000000000000000e+00,0.000000000000000000e+00,0.000000000000000000e+00,0.000000000000000000e+00,0.000000000000000000e+00,0.000000000000000000e+00,0.000000000000000000e+00,0.000000000000000000e+00,0.000000000000000000e+00,0.000000000000000000e+00,0.000000000000000000e+00,0.000000000000000000e+00,0.000000000000000000e+00,0.000000000000000000e+00,0.000000000000000000e+00,0.000000000000000000e+00,0.000000000000000000e+00,0.000000000000000000e+00,0.000000000000000000e+00,0.000000000000000000e+00,0.000000000000000000e+00,0.000000000000000000e+00,0.000000000000000000e+00,0.000000000000000000e+00,2.591891023487999490e+00,7.680003275519999839e-01,1.536000655103999968e+00,6.240002661360001257e-01,1.152000160588799949e+00,1.152000041894399862e+00,1.152000034790399807e+00,-6.047999508672000424e+00
0.000000000000000000e+00,0.000000000000000000e+00,0.000000000000000000e+00,0.000000000000000000e+00,0.000000000000000000e+00,0.000000000000000000e+00,0.000000000000000000e+00,0.000000000000000000e+00,0.000000000000000000e+00,0.000000000000000000e+00,0.000000000000000000e+00,0.000000000000000000e+00,0.000000000000000000e+00,0.000000000000000000e+00,0.000000000000000000e+00,0.000000000000000000e+00,0.000000000000000000e+00,0.000000000000000000e+00,0.000000000000000000e+00,0.000000000000000000e+00,0.000000000000000000e+00,0.000000000000000000e+00,0.000000000000000000e+00,0.000000000000000000e+00,0.000000000000000000e+00,5.567782210752000083e+00,3.072001310207999936e+00,1.248000532272000251e+00,2.304000321177599897e+00,2.304000083788799724e+00,2.304000069580799614e+00,-1.209599901734400085e+01
0.000000000000000000e+00,0.000000000000000000e+00,0.000000000000000000e+00,0.000000000000000000e+00,0.000000000000000000e+00,0.000000000000000000e+00,0.000000000000000000e+00,0.000000000000000000e+00,0.000000000000000000e+00,0.000000000000000000e+00,0.000000000000000000e+00,0.000000000000000000e+00,0.000000000000000000e+00,0.000000000000000000e+00,0.000000000000000000e+00,0.000000000000000000e+00,0.000000000000000000e+00,0.000000000000000000e+00,0.000000000000000000e+00,0.000000000000000000e+00,0.000000000000000000e+00,0.000000000000000000e+00,0.000000000000000000e+00,0.000000000000000000e+00,0.000000000000000000e+00,0.000000000000000000e+00,1.267156507660800102e+01,2.496001064544000503e+00,4.608000642355199794e+00,4.608000167577599449e+00,4.608000139161599229e+00,-2.419199803468800170e+01
0.000000000000000000e+00,0.000000000000000000e+00,0.000000000000000000e+00,0.000000000000000000e+00,0.000000000000000000e+00,0.000000000000000000e+00,0.000000000000000000e+00,0.000000000000000000e+00,0.000000000000000000e+00,0.000000000000000000e+00,0.000000000000000000e+00,0.000000000000000000e+00,0.000000000000000000e+00,0.000000000000000000e+00,0.000000000000000000e+00,0.000000000000000000e+00,0.000000000000000000e+00,0.000000000000000000e+00,0.000000000000000000e+00,0.000000000000000000e+00,0.000000000000000000e+00,0.000000000000000000e+00,0.000000000000000000e+00,0.000000000000000000e+00,0.000000000000000000e+00,0.000000000000000000e+00,0.000000000000000000e+00,4.406822996335500342e+00,1.872000260956799833e+00,1.872000068078399915e+00,1.872000056534399937e+00,-9.827999201592001910e+00
0.000000000000000000e+00,0.000000000000000000e+00,0.000000000000000000e+00,0.000000000000000000e+00,0.000000000000000000e+00,0.000000000000000000e+00,0.000000000000000000e+00,0.000000000000000000e+00,0.000000000000000000e+00,0.000000000000000000e+00,0.000000000000000000e+00,0.000000000000000000e+00,0.000000000000000000e+00,0.000000000000000000e+00,0.000000000000000000e+00,0.000000000000000000e+00,0.000000000000000000e+00,0.000000000000000000e+00,0.000000000000000000e+00,0.000000000000000000e+00,0.000000000000000000e+00,0.000000000000000000e+00,0.000000000000000000e+00,0.000000000000000000e+00,0.000000000000000000e+00,0.000000000000000000e+00,0.000000000000000000e+00,0.000000000000000000e+00,-2.826731387673216318e+02,1.834560001933055844e+02,1.834560002339711957e+02,1.834560004817663810e+02
0.000000000000000000e+00,0.000000000000000000e+00,0.000000000000000000e+00,0.000000000000000000e+00,0.000000000000000000e+00,0.000000000000000000e+00,0.000000000000000000e+00,0.000000000000000000e+00,0.000000000000000000e+00,0.000000000000000000e+00,0.000000000000000000e+00,0.000000000000000000e+00,0.000000000000000000e+00,0.000000000000000000e+00,0.000000000000000000e+00,0.000000000000000000e+00,0.000000000000000000e+00,0.000000000000000000e+00,0.000000000000000000e+00,0.000000000000000000e+00,0.000000000000000000e+00,0.000000000000000000e+00,0.000000000000000000e+00,0.000000000000000000e+00,0.000000000000000000e+00,0.000000000000000000e+00,0.000000000000000000e+00,0.000000000000000000e+00,0.000000000000000000e+00,-2.826721560397824078e+02,1.834560001767167989e+02,1.834560001256831754e+02
0.000000000000000000e+00,0.000000000000000000e+00,0.000000000000000000e+00,0.000000000000000000e+00,0.000000000000000000e+00,0.000000000000000000e+00,0.000000000000000000e+00,0.000000000000000000e+00,0.000000000000000000e+00,0.000000000000000000e+00,0.000000000000000000e+00,0.000000000000000000e+00,0.000000000000000000e+00,0.000000000000000000e+00,0.000000000000000000e+00,0.000000000000000000e+00,0.000000000000000000e+00,0.000000000000000000e+00,0.000000000000000000e+00,0.000000000000000000e+00,0.000000000000000000e+00,0.000000000000000000e+00,0.000000000000000000e+00,0.000000000000000000e+00,0.000000000000000000e+00,0.000000000000000000e+00,0.000000000000000000e+00,0.000000000000000000e+00,0.000000000000000000e+00,0.000000000000000000e+00,-2.826727536074688487e+02,1.834560001043711850e+02
0.000000000000000000e+00,0.000000000000000000e+00,0.000000000000000000e+00,0.000000000000000000e+00,0.000000000000000000e+00,0.000000000000000000e+00,0.000000000000000000e+00,0.000000000000000000e+00,0.000000000000000000e+00,0.000000000000000000e+00,0.000000000000000000e+00,0.000000000000000000e+00,0.000000000000000000e+00,0.000000000000000000e+00,0.000000000000000000e+00,0.000000000000000000e+00,0.000000000000000000e+00,0.000000000000000000e+00,0.000000000000000000e+00,0.000000000000000000e+00,0.000000000000000000e+00,0.000000000000000000e+00,0.000000000000000000e+00,0.000000000000000000e+00,0.000000000000000000e+00,0.000000000000000000e+00,0.000000000000000000e+00,0.000000000000000000e+00,0.000000000000000000e+00,0.000000000000000000e+00,0.000000000000000000e+00,-2.826723264382080174e+02
