-4.590431605159999151e-01,3.600008593600000084e-02,7.200017187200000168e-02,1.440003437440000034e-01,2.880006874880000067e-01,5.760013749760000135e-01,2.340005585840000402e-01,1.800000335600000084e-02,3.600000671200000169e-02,7.200001342400000337e-02,1.440000268480000067e-01,2.880000536960000135e-01,5.760001073920000270e-01,2.340000436280000318e-01,1.800000406200000236e-02,3.600000812400000472e-02,7.200001624800000943e-02,1.440000324960000189e-01,2.880000649920000377e-01,5.760001299840000755e-01,2.340000528060000307e-01,1.800000836400000165e-02,3.600001672800000330e-02,7.200003345600000659e-02,1.440000669120000132e-01,2.880001338240000264e-01,5.760002676480000527e-01,2.340001087320000284e-01,-4.679989687680000676e-01,4.320000805439999647e-01,4.320000974879999456e-01,4.320002007359999285e-01
0.000000000000000000e+00,-9.000862780639997673e-01,1.440003437440000034e-01,2.880006874880000067e-01,5.760013749760000135e-01,1.152002749952000027e+00,4.680011171680000803e-01,3.600000671200000169e-02,7.200001342400000337e-02,1.440000268480000067e-01,2.880000536960000135e-01,5.760001073920000270e-01,1.152000214784000054e+00,4.680000872560000635e-01,3.600000812400000472e-02,7.200001624800000943e-02,1.440000324960000189e-01,2.880000649920000377e-01,5.760001299840000755e-01,1.152000259968000151e+00,4.680001056120000613e-01,3.600001672800000330e-02,7.200003345600000659e-02,1.440000669120000132e-01,2.880001338240000264e-01,5.760002676480000527e-01,1.152000535296000105e+00,4.680002174640000567e-01,-9.359979375360001352e-01,8.640001610879999294e-01,8.640001949759998912e-01,8.640004014719998571e-01
0.000000000000000000e+00,0.000000000000000000e+00,-1.728172384256000171e+00,5.760013749760000135e-01,1.152002749952000027e+00,2.304005499904000054e+00,9.360022343360001607e-01,7.200001342400000337e-02,1.440000268480000067e-01,2.880000536960000135e-01,5.760001073920000270e-01,1.152000214784000054e+00,2.304000429568000108e+00,9.360001745120001271e-01,7.200001624800000943e-02,1.440000324960000189e-01,2.880000649920000377e-01,5.760001299840000755e-01,1.152000259968000151e+00,2.304000519936000302e+00,9.360002112240001226e-01,7.200003345600000659e-02,1.440000669120000132e-01,2.880001338240000264e-01,5.760002676480000527e-01,1.152000535296000105e+00,2.304001070592000211e+00,9.360004349280001135e-01,-1.871995875072000270e+00,1.728000322175999859e+00,1.728000389951999782e+00,1.728000802943999714e+00
0.000000000000000000e+00,0.000000000000000000e+00,0.000000000000000000e+00,-3.168344081024000225e+00,2.304005499904000054e+00,4.608010999808000108e+00,1.872004468672000321e+00,1.440000268480000067e-01,2.880000536960000135e-01,5.760001073920000270e-01,1.152000214784000054e+00,2.304000429568000108e+00,4.608000859136000216e+00,1.872000349024000254e+00,1.440000324960000189e-01,2.880000649920000377e-01,5.760001299840000755e-01,1.152000259968000151e+00,2.304000519936000302e+00,4.608001039872000604e+00,1.872000422448000245e+00,1.440000669120000132e-01,2.880001338240000264e-01,5.760002676480000527e-01,1.152000535296000105e+00,2.304001070592000211e+00,4.608002141184000422e+00,1.872000869856000227e+00,-3.743991750144000541e+00,3.456000644351999718e+00,3.456000779903999565e+00,3.456001605887999428e+00
0.000000000000000000e+00,0.000000000000000000e+00,0.000000000000000000e+00,0.000000000000000000e+00,-5.184685412095999979e+00,9.216021999616000215e+00,3.744008937344000643e+00,2.880000536960000135e-01,5.760001073920000270e-01,1.152000214784000054e+00,2.304000429568000108e+00,4.608000859136000216e+00,9.216001718272000431e+00,3.744000698048000508e+00,2.880000649920000377e-01,5.760001299840000755e-01,1.152000259968000151e+00,2.304000519936000302e+00,4.608001039872000604e+00,9.216002079744001207e+00,3.744000844896000491e+00,2.880001338240000264e-01,5.760002676480000527e-01,1.152000535296000105e+00,2.304001070592000211e+00,4.608002141184000422e+00,9.216004282368000844e+00,3.744001739712000454e+00,-7.487983500288001082e+00,6.912001288703999435e+00,6.912001559807999129e+00,6.912003211775998857e+00
0.000000000000000000e+00,0.000000000000000000e+00,0.000000000000000000e+00,0.000000000000000000e+00,0.000000000000000000e+00,-5.761359824384001627e+00,7.488017874688001285e+00,5.760001073920000270e-01,1.152000214784000054e+00,2.304000429568000108e+00,4.608000859136000216e+00,9.216001718272000431e+00,1.843200343654400086e+01,7.488001396096001017e+00,5.760001299840000755e-01,1.152000259968000151e+00,2.304000519936000302e+00,4.608001039872000604e+00,9.216002079744001207e+00,1.843200415948800241e+01,7.488001689792000981e+00,5.760002676480000527e-01,1.152000535296000105e+00,2.304001070592000211e+00,4.608002141184000422e+00,9.216004282368000844e+00,1.843200856473600169e+01,7.488003479424000908e+00,-1.497596700057600216e+01,1.382400257740799887e+01,1.382400311961599826e+01,1.382400642355199771e+01
0.000000000000000000e+00,0.000000000000000000e+00,0.000000000000000000e+00,0.000000000000000000e+00,0.000000000000000000e+00,0.000000000000000000e+00,-4.563557735204000210e+00,2.340000436280000318e-01,4.680000872560000635e-01,9.360001745120001271e-01,1.872000349024000254e+00,3.744000698048000508e+00,7.488001396096001017e+00,3.042000567164000469e+00,2.340000528060000307e-01,4.680001056120000613e-01,9.360002112240001226e-01,1.872000422448000245e+00,3.744000844896000491e+00,7.488001689792000981e+00,3.042000686478000038e+00,2.340001087320000284e-01,4.680002174640000567e-01,9.360004349280001135e-01,1.872000869856000227e+00,3.744001739712000454e+00,7.488003479424000908e+00,3.042001413516000063e+00,-6.083986593984000990e+00,5.616001047071999430e+00,5.616001267344000070e+00,5.616002609567999571e+00
0.000000000000000000e+00,0.000000000000000000e+00,0.000000000000000000e+00,0.000000000000000000e+00,0.000000000000000000e+00,0.000000000000000000e+00,0.000000000000000000e+00,-4.590059216490000038e-01,3.600003740400000568e-02,7.200007480800001136e-02,1.440001496160000227e-01,2.880002992320000454e-01,5.760005984640000909e-01,2.340002431260000404e-01,1.800000306800000199e-02,3.600000613600000399e-02,7.200001227200000797e-02,1.440000245440000159e-01,2.880000490880000319e-01,5.760000981760000638e-01,2.340000398840000329e-01,1.800000218200000293e-02,3.600000436400000586e-02,7.200000872800001173e-02,1.440000174560000235e-01,2.880000349120000469e-01,5.760000698240000938e-01,2.340000283660000346e-01,4.320000805439999647e-01,-4.679995511520000928e-01,4.320000736319999368e-01,4.320000523679999316e-01
0.000000000000000000e+00,0.000000000000000000e+00,0.000000000000000000e+00,0.000000000000000000e+00,0.000000000000000000e+00,0.000000000000000000e+00,0.000000000000000000e+00,0.000000000000000000e+00,-9.000118245959995988e-01,1.440001496160000227e-01,2.880002992320000454e-01,5.760005984640000909e-01,1.152001196928000182e+00,4.680004862520000808e-01,3.600000613600000399e-02,7.200001227200000797e-02,1.440000245440000159e-01,2.880000490880000319e-01,5.760000981760000638e-01,1.152000196352000128e+00,4.680000797680000657e-01,3.600000436400000586e-02,7.200000872800001173e-02,1.440000174560000235e-01,2.880000349120000469e-01,5.760000698240000938e-01,1.152000139648000188e+00,4.680000567320000693e-01,8.640001610879999294e-01,-9.359991023040001856e-01,8.640001472639998736e-01,8.640001047359998632e-01
0.000000000000000000e+00,0.000000000000000000e+00,0.000000000000000000e+00,0.000000000000000000e+00,0.000000000000000000e+00,0.000000000000000000e+00,0.000000000000000000e+00,0.000000000000000000e+00,0.000000000000000000e+00,-1.728023574384000227e+00,5.760005984640000909e-01,1.152001196928000182e+00,2.304002393856000364e+00,9.360009725040001616e-01,7.200001227200000797e-02,1.440000245440000159e-01,2.880000490880000319e-01,5.760000981760000638e-01,1.152000196352000128e+00,2.304000392704000255e+00,9.360001595360001314e-01,7.200000872800001173e-02,1.440000174560000235e-01,2.880000349120000469e-01,5.760000698240000938e-01,1.152000139648000188e+00,2.304000279296000375e+00,9.360001134640001386e-01,1.728000322175999859e+00,-1.871998204608000371e+00,1.728000294527999747e+00,1.728000209471999726e+00
0.000000000000000000e+00,0.000000000000000000e+00,0.000000000000000000e+00,0.000000000000000000e+00,0.000000000000000000e+00,0.000000000000000000e+00,0.000000000000000000e+00,0.000000000000000000e+00,0.000000000000000000e+00,0.000000000000000000e+00,-3.168046849536000131e+00,2.304002393856000364e+00,4.608004787712000727e+00,1.872001945008000323e+00,1.440000245440000159e-01,2.880000490880000319e-01,5.760000981760000638e-01,1.152000196352000128e+00,2.304000392704000255e+00,4.608000785408000510e+00,1.872000319072000263e+00,1.440000174560000235e-01,2.880000349120000469e-01,5.760000698240000938e-01,1.152000139648000188e+00,2.304000279296000375e+00,4.608000558592000750e+00,1.872000226928000277e+00,3.456000644351999718e+00,-3.743996409216000743e+00,3.456000589055999495e+00,3.456000418943999453e+00
0.000000000000000000e+00,0.000000000000000000e+00,0.000000000000000000e+00,0.000000000000000000e+00,0.000000000000000000e+00,0.000000000000000000e+00,0.000000000000000000e+00,0.000000000000000000e+00,0.000000000000000000e+00,0.000000000000000000e+00,0.000000000000000000e+00,-5.184092502143998971e+00,9.216009575424001454e+00,3.744003890016000646e+00,2.880000490880000319e-01,5.760000981760000638e-01,1.152000196352000128e+00,2.304000392704000255e+00,4.608000785408000510e+00,9.216001570816001021e+00,3.744000638144000526e+00,2.880000349120000469e-01,5.760000698240000938e-01,1.152000139648000188e+00,2.304000279296000375e+00,4.608000558592000750e+00,9.216001117184001501e+00,3.744000453856000554e+00,6.912001288703999435e+00,-7.487992818432001485e+00,6.912001178111998989e+00,6.912000837887998905e+00
0.000000000000000000e+00,0.000000000000000000e+00,0.000000000000000000e+00,0.000000000000000000e+00,0.000000000000000000e+00,0.000000000000000000e+00,0.000000000000000000e+00,0.000000000000000000e+00,0.000000000000000000e+00,0.000000000000000000e+00,0.000000000000000000e+00,0.000000000000000000e+00,-5.760180216575999879e+00,7.488007780032001293e+00,5.760000981760000638e-01,1.152000196352000128e+00,2.304000392704000255e+00,4.608000785408000510e+00,9.216001570816001021e+00,1.843200314163200204e+01,7.488001276288001051e+00,5.760000698240000938e-01,1.152000139648000188e+00,2.304000279296000375e+00,4.608000558592000750e+00,9.216001117184001501e+00,1.843200223436800300e+01,7.488000907712001109e+00,1.382400257740799887e+01,-1.497598563686400297e+01,1.382400235622399798e+01,1.382400167577599781e+01
0.000000000000000000e+00,0.000000000000000000e+00,0.000000000000000000e+00,0.000000000000000000e+00,0.000000000000000000e+00,0.000000000000000000e+00,0.000000000000000000e+00,0.000000000000000000e+00,0.000000000000000000e+00,0.000000000000000000e+00,0.000000000000000000e+00,0.000000000000000000e+00,0.000000000000000000e+00,-4.563075522681000251e+00,2.340000398840000329e-01,4.680000797680000657e-01,9.360001595360001314e-01,1.872000319072000263e+00,3.744000638144000526e+00,7.488001276288001051e+00,3.042000518492000261e+00,2.340000283660000346e-01,4.680000567320000693e-01,9.360001134640001386e-01,1.872000226928000277e+00,3.744000453856000554e+00,7.488000907712001109e+00,3.042000368758000395e+00,5.616001047071999430e+00,-6.083994164976001429e+00,5.616000957215999456e+00,5.616000680783999499e+00
0.000000000000000000e+00,0.000000000000000000e+00,0.000000000000000000e+00,0.000000000000000000e+00,0.000000000000000000e+00,0.000000000000000000e+00,0.000000000000000000e+00,0.000000000000000000e+00,0.000000000000000000e+00,0.000000000000000000e+00,0.000000000000000000e+00,0.000000000000000000e+00,0.000000000000000000e+00,0.000000000000000000e+00,-4.590285567129999134e-01,3.600003714800000670e-02,7.200007429600001341e-02,1.440001485920000268e-01,2.880002971840000536e-01,5.760005943680001073e-01,2.340002414620000470e-01,1.800000181200000354e-02,3.600000362400000709e-02,7.200000724800001417e-02,1.440000144960000283e-01,2.880000289920000567e-01,5.760000579840001134e-01,2.340000235560000530e-01,4.320000974879999456e-01,4.320000736319999368e-01,-4.679995542240000805e-01,4.320000434879999185e-01
0.000000000000000000e+00,0.000000000000000000e+00,0.000000000000000000e+00,0.000000000000000000e+00,0.000000000000000000e+00,0.000000000000000000e+00,0.000000000000000000e+00,0.000000000000000000e+00,0.000000000000000000e+00,0.000000000000000000e+00,0.000000000000000000e+00,0.000000000000000000e+00,0.000000000000000000e+00,0.000000000000000000e+00,0.000000000000000000e+00,-9.000570948519996950e-01,1.440001485920000268e-01,2.880002971840000536e-01,5.760005943680001073e-01,1.152001188736000215e+00,4.680004829240000941e-01,3.600000362400000709e-02,7.200000724800001417e-02,1.440000144960000283e-01,2.880000289920000567e-01,5.760000579840001134e-01,1.152000115968000227e+00,4.680000471120001060e-01,8.640001949759998912e-01,8.640001472639998736e-01,-9.359991084480001611e-01,8.640000869759998370e-01
0.000000000000000000e+00,0.000000000000000000e+00,0.000000000000000000e+00,0.000000000000000000e+00,0.000000000000000000e+00,0.000000000000000000e+00,0.000000000000000000e+00,0.000000000000000000e+00,0.000000000000000000e+00,0.000000000000000000e+00,0.000000000000000000e+00,0.000000000000000000e+00,0.000000000000000000e+00,0.000000000000000000e+00,0.000000000000000000e+00,0.000000000000000000e+00,-1.728114115408000195e+00,5.760005943680001073e-01,1.152001188736000215e+00,2.304002377472000429e+00,9.360009658480001882e-01,7.200000724800001417e-02,1.440000144960000283e-01,2.880000289920000567e-01,5.760000579840001134e-01,1.152000115968000227e+00,2.304000231936000453e+00,9.360000942240002120e-01,1.728000389951999782e+00,1.728000294527999747e+00,-1.871998216896000322e+00,1.728000173951999674e+00
0.000000000000000000e+00,0.000000000000000000e+00,0.000000000000000000e+00,0.000000000000000000e+00,0.000000000000000000e+00,0.000000000000000000e+00,0.000000000000000000e+00,0.000000000000000000e+00,0.000000000000000000e+00,0.000000000000000000e+00,0.000000000000000000e+00,0.000000000000000000e+00,0.000000000000000000e+00,0.000000000000000000e+00,0.000000000000000000e+00,0.000000000000000000e+00,0.000000000000000000e+00,-3.168227933632000060e+00,2.304002377472000429e+00,4.608004754944000858e+00,1.872001931696000376e+00,1.440000144960000283e-01,2.880000289920000567e-01,5.760000579840001134e-01,1.152000115968000227e+00,2.304000231936000453e+00,4.608000463872000907e+00,1.872000188448000424e+00,3.456000779903999565e+00,3.456000589055999495e+00,-3.743996433792000644e+00,3.456000347903999348e+00
0.000000000000000000e+00,0.000000000000000000e+00,0.000000000000000000e+00,0.000000000000000000e+00,0.000000000000000000e+00,0.000000000000000000e+00,0.000000000000000000e+00,0.000000000000000000e+00,0.000000000000000000e+00,0.000000000000000000e+00,0.000000000000000000e+00,0.000000000000000000e+00,0.000000000000000000e+00,0.000000000000000000e+00,0.000000000000000000e+00,0.000000000000000000e+00,0.000000000000000000e+00,0.000000000000000000e+00,-5.184454678527998794e+00,9.216009509888001716e+00,3.744003863392000753e+00,2.880000289920000567e-01,5.760000579840001134e-01,1.152000115968000227e+00,2.304000231936000453e+00,4.608000463872000907e+00,9.216000927744001814e+00,3.744000376896000848e+00,6.912001559807999129e+00,6.912001178111998989e+00,-7.487992867584001289e+00,6.912000695807998696e+00
0.000000000000000000e+00,0.000000000000000000e+00,0.000000000000000000e+00,0.000000000000000000e+00,0.000000000000000000e+00,0.000000000000000000e+00,0.000000000000000000e+00,0.000000000000000000e+00,0.000000000000000000e+00,0.000000000000000000e+00,0.000000000000000000e+00,0.000000000000000000e+00,0.000000000000000000e+00,0.000000000000000000e+00,0.000000000000000000e+00,0.000000000000000000e+00,0.000000000000000000e+00,0.000000000000000000e+00,0.000000000000000000e+00,-5.760904602112002948e+00,7.488007726784001505e+00,5.760000579840001134e-01,1.152000115968000227e+00,2.304000231936000453e+00,4.608000463872000907e+00,9.216000927744001814e+00,1.843200185548800363e+01,7.488000753792001696e+00,1.382400311961599826e+01,1.382400235622399798e+01,-1.497598573516800258e+01,1.382400139161599739e+01
0.000000000000000000e+00,0.000000000000000000e+00,0.000000000000000000e+00,0.000000000000000000e+00,0.000000000000000000e+00,0.000000000000000000e+00,0.000000000000000000e+00,0.000000000000000000e+00,0.000000000000000000e+00,0.000000000000000000e+00,0.000000000000000000e+00,0.000000000000000000e+00,0.000000000000000000e+00,0.000000000000000000e+00,0.000000000000000000e+00,0.000000000000000000e+00,0.000000000000000000e+00,0.000000000000000000e+00,0.000000000000000000e+00,0.000000000000000000e+00,-4.563369788497000812e+00,2.340000235560000530e-01,4.680000471120001060e-01,9.360000942240002120e-01,1.872000188448000424e+00,3.744000376896000848e+00,7.488000753792001696e+00,3.042000306228000106e+00,5.616001267344000070e+00,5.616000957215999456e+00,-6.083994204912000825e+00,5.616000565343999718e+00
0.000000000000000000e+00,0.000000000000000000e+00,0.000000000000000000e+00,0.000000000000000000e+00,0.000000000000000000e+00,0.000000000000000000e+00,0.000000000000000000e+00,0.000000000000000000e+00,0.000000000000000000e+00,0.000000000000000000e+00,0.000000000000000000e+00,0.000000000000000000e+00,0.000000000000000000e+00,0.000000000000000000e+00,0.000000000000000000e+00,0.000000000000000000e+00,0.000000000000000000e+00,0.000000000000000000e+00,0.000000000000000000e+00,0.000000000000000000e+00,0.000000000000000000e+00,-4.590123802050000146e-01,3.600005118000000615e-02,7.200010236000001229e-02,1.440002047200000246e-01,2.880004094400000492e-01,5.760008188800000983e-01,2.340003326700000330e-01,4.320002007359999285e-01,4.320000523679999316e-01,4.320000434879999185e-01,-4.679993858400001150e-01
0.000000000000000000e+00,0.000000000000000000e+00,0.000000000000000000e+00,0.000000000000000000e+00,0.000000000000000000e+00,0.000000000000000000e+00,0.000000000000000000e+00,0.000000000000000000e+00,0.000000000000000000e+00,0.000000000000000000e+00,0.000000000000000000e+00,0.000000000000000000e+00,0.000000000000000000e+00,0.000000000000000000e+00,0.000000000000000000e+00,0.000000000000000000e+00,0.000000000000000000e+00,0.000000000000000000e+00,0.000000000000000000e+00,0.000000000000000000e+00,0.000000000000000000e+00,0.000000000000000000e+00,-9.000247348199996722e-01,1.440002047200000246e-01,2.880004094400000492e-01,5.760008188800000983e-01,1.152001637760000197e+00,4.680006653400000660e-01,8.640004014719998571e-01,8.640001047359998632e-01,8.640000869759998370e-01,-9.359987716800002300e-01
0.000000000000000000e+00,0.000000000000000000e+00,0.000000000000000000e+00,0.000000000000000000e+00,0.000000000000000000e+00,0.000000000000000000e+00,0.000000000000000000e+00,0.000000000000000000e+00,0.000000000000000000e+00,0.000000000000000000e+00,0.000000000000000000e+00,0.000000000000000000e+00,0.000000000000000000e+00,0.000000000000000000e+00,0.000000000000000000e+00,0.000000000000000000e+00,0.000000000000000000e+00,0.000000000000000000e+00,0.000000000000000000e+00,0.000000000000000000e+00,0.000000000000000000e+00,0.000000000000000000e+00,0.000000000000000000e+00,-1.728049367280000137e+00,5.760008188800000983e-01,1.152001637760000197e+00,2.304003275520000393e+00,9.360013306800001320e-01,1.728000802943999714e+00,1.728000209471999726e+00,1.728000173951999674e+00,-1.871997543360000460e+00
0.000000000000000000e+00,0.000000000000000000e+00,0.000000000000000000e+00,0.000000000000000000e+00,0.000000000000000000e+00,0.000000000000000000e+00,0.000000000000000000e+00,0.000000000000000000e+00,0.000000000000000000e+00,0.000000000000000000e+00,0.000000000000000000e+00,0.000000000000000000e+00,0.000000000000000000e+00,0.000000000000000000e+00,0.000000000000000000e+00,0.000000000000000000e+00,0.000000000000000000e+00,0.000000000000000000e+00,0.000000000000000000e+00,0.000000000000000000e+00,0.000000000000000000e+00,0.000000000000000000e+00,0.000000000000000000e+00,0.000000000000000000e+00,-3.168098325119999892e+00,2.304003275520000393e+00,4.608006551040000787e+00,1.872002661360000264e+00,3.456001605887999428e+00,3.456000418943999453e+00,3.456000347903999348e+00,-3.743995086720000920e+00
0.000000000000000000e+00,0.000000000000000000e+00,0.000000000000000000e+00,0.000000000000000000e+00,0.000000000000000000e+00,0.000000000000000000e+00,0.000000000000000000e+00,0.000000000000000000e+00,0.000000000000000000e+00,0.000000000000000000e+00,0.000000000000000000e+00,0.000000000000000000e+00,0.000000000000000000e+00,0.000000000000000000e+00,0.000000000000000000e+00,0.000000000000000000e+00,0.000000000000000000e+00,0.000000000000000000e+00,0.000000000000000000e+00,0.000000000000000000e+00,0.000000000000000000e+00,0.000000000000000000e+00,0.000000000000000000e+00,0.000000000000000000e+00,0.000000000000000000e+00,-5.184195012480000031e+00,9.216013102080001573e+00,3.744005322720000528e+00,6.912003211775998857e+00,6.912000837887998905e+00,6.912000695807998696e+00,-7.487990173440001840e+00
0.000000000000000000e+00,0.000000000000000000e+00,0.000000000000000000e+00,0.000000000000000000e+00,0.000000000000000000e+00,0.000000000000000000e+00,0.000000000000000000e+00,0.000000000000000000e+00,0.000000000000000000e+00,0.000000000000000000e+00,0.000000000000000000e+00,0.000000000000000000e+00,0.000000000000000000e+00,0.000000000000000000e+00,0.000000000000000000e+00,0.000000000000000000e+00,0.000000000000000000e+00,0.000000000000000000e+00,0.000000000000000000e+00,0.000000000000000000e+00,0.000000000000000000e+00,0.000000000000000000e+00,0.000000000000000000e+00,0.000000000000000000e+00,0.000000000000000000e+00,0.000000000000000000e+00,-5.760383473920001052e+00,7.488010645440001056e+00,1.382400642355199771e+01,1.382400167577599781e+01,1.382400139161599739e+01,-1.497598034688000368e+01
0.000000000000000000e+00,0.000000000000000000e+00,0.000000000000000000e+00,0.000000000000000000e+00,0.000000000000000000e+00,0.000000000000000000e+00,0.000000000000000000e+00,0.000000000000000000e+00,0.000000000000000000e+00,0.000000000000000000e+00,0.000000000000000000e+00,0.000000000000000000e+00,0.000000000000000000e+00,0.000000000000000000e+00,0.000000000000000000e+00,0.000000000000000000e+00,0.000000000000000000e+00,0.000000000000000000e+00,0.000000000000000000e+00,0.000000000000000000e+00,0.000000000000000000e+00,0.000000000000000000e+00,0.000000000000000000e+00,0.000000000000000000e+00,0.000000000000000000e+00,0.000000000000000000e+00,0.000000000000000000e+00,-4.563158946645000213e+00,5.616002609567999571e+00,5.616000680783999499e+00,5.616000565343999718e+00,-6.083992015920001606e+00
0.000000000000000000e+00,0.000000000000000000e+00,0.000000000000000000e+00,0.000000000000000000e+00,0.000000000000000000e+00,0.000000000000000000e+00,0.000000000000000000e+00,0.000000000000000000e+00,0.000000000000000000e+00,0.000000000000000000e+00,0.000000000000000000e+00,0.000000000000000000e+00,0.000000000000000000e+00,0.000000000000000000e+00,0.000000000000000000e+00,0.000000000000000000e+00,0.000000000000000000e+00,0.000000000000000000e+00,0.000000000000000000e+00,0.000000000000000000e+00,0.000000000000000000e+00,0.000000000000000000e+00,0.000000000000000000e+00,0.000000000000000000e+00,0.000000000000000000e+00,0.000000000000000000e+00,0.000000000000000000e+00,0.000000000000000000e+00,-2.976490239932160193e+02,1.903680019330560071e+02,1.903680023397120067e+02,1.903680048176640014e+02
0.000000000000000000e+00,0.000000000000000000e+00,0.000000000000000000e+00,0.000000000000000000e+00,0.000000000000000000e+00,0.000000000000000000e+00,0.000000000000000000e+00,0.000000000000000000e+00,0.000000000000000000e+00,0.000000000000000000e+00,0.000000000000000000e+00,0.000000000000000000e+00,0.000000000000000000e+00,0.000000000000000000e+00,0.000000000000000000e+00,0.000000000000000000e+00,0.000000000000000000e+00,0.000000000000000000e+00,0.000000000000000000e+00,0.000000000000000000e+00,0.000000000000000000e+00,0.000000000000000000e+00,0.000000000000000000e+00,0.000000000000000000e+00,0.000000000000000000e+00,0.000000000000000000e+00,0.000000000000000000e+00,0.000000000000000000e+00,0.000000000000000000e+00,-2.976481369578240219e+02,1.903680017671679821e+02,1.903680012568320024e+02
0.000000000000000000e+00,0.000000000000000000e+00,0.000000000000000000e+00,0.000000000000000000e+00,0.000000000000000000e+00,0.000000000000000000e+00,0.000000000000000000e+00,0.000000000000000000e+00,0.000000000000000000e+00,0.000000000000000000e+00,0.000000000000000000e+00,0.000000000000000000e+00,0.000000000000000000e+00,0.000000000000000000e+00,0.000000000000000000e+00,0.000000000000000000e+00,0.000000000000000000e+00,0.000000000000000000e+00,0.000000000000000000e+00,0.000000000000000000e+00,0.000000000000000000e+00,0.000000000000000000e+00,0.000000000000000000e+00,0.000000000000000000e+00,0.000000000000000000e+00,0.000000000000000000e+00,0.000000000000000000e+00,0.000000000000000000e+00,0.000000000000000000e+00,0.000000000000000000e+00,-2.976486802346880154e+02,1.903680010437119847e+02
0.000000000000000000e+00,0.000000000000000000e+00,0.000000000000000000e+00,0.000000000000000000e+00,0.000000000000000000e+00,0.000000000000000000e+00,0.000000000000000000e+00,0.000000000000000000e+00,0.000000000000000000e+00,0.000000000000000000e+00,0.000000000000000000e+00,0.000000000000000000e+00,0.000000000000000000e+00,0.000000000000000000e+00,0.000000000000000000e+00,0.000000000000000000e+00,0.000000000000000000e+00,0.000000000000000000e+00,0.000000000000000000e+00,0.000000000000000000e+00,0.000000000000000000e+00,0.000000000000000000e+00,0.000000000000000000e+00,0.000000000000000000e+00,0.000000000000000000e+00,0.000000000000000000e+00,0.000000000000000000e+00,0.000000000000000000e+00,0.000000000000000000e+00,0.000000000000000000e+00,0.000000000000000000e+00,-2.976482900620800365e+02
