5.995395355999910691e-03,2.400077342400000133e-02,4.800154684800000265e-02,9.600309369600000531e-02,1.920061873920000106e-01,3.840123747840000212e-01,1.560050272560000173e-01,1.200003020400000099e-02,2.400006040800000198e-02,4.800012081600000396e-02,9.600024163200000793e-02,1.920004832640000159e-01,3.840009665280000317e-01,1.560003926520000250e-01,1.200003655800000076e-02,2.400007311600000151e-02,4.800014623200000302e-02,9.600029246400000604e-02,1.920005849280000121e-01,3.840011698560000242e-01,1.560004752540000150e-01,1.200007527599999957e-02,2.400015055199999914e-02,4.800030110399999828e-02,9.600060220799999655e-02,1.920012044159999931e-01,3.840024088319999862e-01,1.560009785880000222e-01,-9.119907189120000091e-01,2.880007248959999822e-01,2.880008773919999765e-01,2.880018066239999897e-01
0.000000000000000000e+00,2.399117742399958786e-02,9.600309369600000531e-02,1.920061873920000106e-01,3.840123747840000212e-01,7.680247495680000425e-01,3.120100545120000346e-01,2.400006040800000198e-02,4.800012081600000396e-02,9.600024163200000793e-02,1.920004832640000159e-01,3.840009665280000317e-01,7.680019330560000634e-01,3.120007853040000501e-01,2.400007311600000151e-02,4.800014623200000302e-02,9.600029246400000604e-02,1.920005849280000121e-01,3.840011698560000242e-01,7.680023397120000483e-01,3.120009505080000300e-01,2.400015055199999914e-02,4.800030110399999828e-02,9.600060220799999655e-02,1.920012044159999931e-01,3.840024088319999862e-01,7.680048176639999724e-01,3.120019571760000443e-01,-1.823981437824000018e+00,5.760014497919999643e-01,5.760017547839999530e-01,5.760036132479999793e-01
0.000000000000000000e+00,0.000000000000000000e+00,9.598390169600001798e-02,3.840123747840000212e-01,7.680247495680000425e-01,1.536049499136000085e+00,6.240201090240000692e-01,4.800012081600000396e-02,9.600024163200000793e-02,1.920004832640000159e-01,3.840009665280000317e-01,7.680019330560000634e-01,1.536003866112000127e+00,6.240015706080001001e-01,4.800014623200000302e-02,9.600029246400000604e-02,1.920005849280000121e-01,3.840011698560000242e-01,7.680023397120000483e-01,1.536004679424000097e+00,6.240019010160000601e-01,4.800030110399999828e-02,9.600060220799999655e-02,1.920012044159999931e-01,3.840024088319999862e-01,7.680048176639999724e-01,1.536009635327999945e+00,6.240039143520000886e-01,-3.647962875648000036e+00,1.152002899583999929e+00,1.152003509567999906e+00,1.152007226495999959e+00
0.000000000000000000e+00,0.000000000000000000e+00,0.000000000000000000e+00,3.839739907839980759e-01,1.536049499136000085e+00,3.072098998272000170e+00,1.248040218048000138e+00,9.600024163200000793e-02,1.920004832640000159e-01,3.840009665280000317e-01,7.680019330560000634e-01,1.536003866112000127e+00,3.072007732224000254e+00,1.248003141216000200e+00,9.600029246400000604e-02,1.920005849280000121e-01,3.840011698560000242e-01,7.680023397120000483e-01,1.536004679424000097e+00,3.072009358848000193e+00,1.248003802032000120e+00,9.600060220799999655e-02,1.920012044159999931e-01,3.840024088319999862e-01,7.680048176639999724e-01,1.536009635327999945e+00,3.072019270655999890e+00,1.248007828704000177e+00,-7.295925751296000072e+00,2.304005799167999857e+00,2.304007019135999812e+00,2.304014452991999917e+00
0.000000000000000000e+00,0.000000000000000000e+00,0.000000000000000000e+00,0.000000000000000000e+00,1.535972731135998970e+00,6.144197996544000340e+00,2.496080436096000277e+00,1.920004832640000159e-01,3.840009665280000317e-01,7.680019330560000634e-01,1.536003866112000127e+00,3.072007732224000254e+00,6.144015464448000508e+00,2.496006282432000400e+00,1.920005849280000121e-01,3.840011698560000242e-01,7.680023397120000483e-01,1.536004679424000097e+00,3.072009358848000193e+00,6.144018717696000387e+00,2.496007604064000240e+00,1.920012044159999931e-01,3.840024088319999862e-01,7.680048176639999724e-01,1.536009635327999945e+00,3.072019270655999890e+00,6.144038541311999779e+00,2.496015657408000354e+00,-1.459185150259200014e+01,4.608011598335999714e+00,4.608014038271999624e+00,4.608028905983999834e+00
0.000000000000000000e+00,0.000000000000000000e+00,0.000000000000000000e+00,0.000000000000000000e+00,0.000000000000000000e+00,6.144044460543995001e+00,4.992160872192000554e+00,3.840009665280000317e-01,7.680019330560000634e-01,1.536003866112000127e+00,3.072007732224000254e+00,6.144015464448000508e+00,1.228803092889600102e+01,4.992012564864000801e+00,3.840011698560000242e-01,7.680023397120000483e-01,1.536004679424000097e+00,3.072009358848000193e+00,6.144018717696000387e+00,1.228803743539200077e+01,4.992015208128000481e+00,3.840024088319999862e-01,7.680048176639999724e-01,1.536009635327999945e+00,3.072019270655999890e+00,6.144038541311999779e+00,1.228807708262399956e+01,4.992031314816000709e+00,-2.918370300518400029e+01,9.216023196671999429e+00,9.216028076543999248e+00,9.216057811967999669e+00
0.000000000000000000e+00,0.000000000000000000e+00,0.000000000000000000e+00,0.000000000000000000e+00,0.000000000000000000e+00,0.000000000000000000e+00,1.013970303164001052e+00,1.560003926520000250e-01,3.120007853040000501e-01,6.240015706080001001e-01,1.248003141216000200e+00,2.496006282432000400e+00,4.992012564864000801e+00,2.028005104476000131e+00,1.560004752540000150e-01,3.120009505080000300e-01,6.240019010160000601e-01,1.248003802032000120e+00,2.496007604064000240e+00,4.992015208128000481e+00,2.028006178301999807e+00,1.560009785880000222e-01,3.120019571760000443e-01,6.240039143520000886e-01,1.248007828704000177e+00,2.496015657408000354e+00,4.992031314816000709e+00,2.028012721644000038e+00,-1.185587934585600145e+01,3.744009423647999935e+00,3.744011406095999916e+00,3.744023486111999865e+00
0.000000000000000000e+00,0.000000000000000000e+00,0.000000000000000000e+00,0.000000000000000000e+00,0.000000000000000000e+00,0.000000000000000000e+00,0.000000000000000000e+00,5.999425159000093544e-03,2.400033663599999978e-02,4.800067327199999956e-02,9.600134654399999912e-02,1.920026930879999982e-01,3.840053861759999965e-01,1.560021881340000194e-01,1.200002761200000094e-02,2.400005522400000188e-02,4.800011044800000376e-02,9.600022089600000752e-02,1.920004417920000150e-01,3.840008835840000301e-01,1.560003589560000348e-01,1.200001963800000071e-02,2.400003927600000142e-02,4.800007855200000284e-02,9.600015710400000568e-02,1.920003142080000114e-01,3.840006284160000227e-01,1.560002552940000231e-01,2.880007248959999822e-01,-9.119959603679999027e-01,2.880006626879999532e-01,2.880004713119999615e-01
0.000000000000000000e+00,0.000000000000000000e+00,0.000000000000000000e+00,0.000000000000000000e+00,0.000000000000000000e+00,0.000000000000000000e+00,0.000000000000000000e+00,0.000000000000000000e+00,2.399901863599973595e-02,9.600134654399999912e-02,1.920026930879999982e-01,3.840053861759999965e-01,7.680107723519999929e-01,3.120043762680000388e-01,2.400005522400000188e-02,4.800011044800000376e-02,9.600022089600000752e-02,1.920004417920000150e-01,3.840008835840000301e-01,7.680017671680000602e-01,3.120007179120000695e-01,2.400003927600000142e-02,4.800007855200000284e-02,9.600015710400000568e-02,1.920003142080000114e-01,3.840006284160000227e-01,7.680012568320000454e-01,3.120005105880000462e-01,5.760014497919999643e-01,-1.823991920735999805e+00,5.760013253759999063e-01,5.760009426239999231e-01
0.000000000000000000e+00,0.000000000000000000e+00,0.000000000000000000e+00,0.000000000000000000e+00,0.000000000000000000e+00,0.000000000000000000e+00,0.000000000000000000e+00,0.000000000000000000e+00,0.000000000000000000e+00,9.599871054400033188e-02,3.840053861759999965e-01,7.680107723519999929e-01,1.536021544703999986e+00,6.240087525360000775e-01,4.800011044800000376e-02,9.600022089600000752e-02,1.920004417920000150e-01,3.840008835840000301e-01,7.680017671680000602e-01,1.536003534336000120e+00,6.240014358240001391e-01,4.800007855200000284e-02,9.600015710400000568e-02,1.920003142080000114e-01,3.840006284160000227e-01,7.680012568320000454e-01,1.536002513664000091e+00,6.240010211760000924e-01,1.152002899583999929e+00,-3.647983841471999611e+00,1.152002650751999813e+00,1.152001885247999846e+00
0.000000000000000000e+00,0.000000000000000000e+00,0.000000000000000000e+00,0.000000000000000000e+00,0.000000000000000000e+00,0.000000000000000000e+00,0.000000000000000000e+00,0.000000000000000000e+00,0.000000000000000000e+00,0.000000000000000000e+00,3.840001141759987746e-01,1.536021544703999986e+00,3.072043089407999972e+00,1.248017505072000155e+00,9.600022089600000752e-02,1.920004417920000150e-01,3.840008835840000301e-01,7.680017671680000602e-01,1.536003534336000120e+00,3.072007068672000241e+00,1.248002871648000278e+00,9.600015710400000568e-02,1.920003142080000114e-01,3.840006284160000227e-01,7.680012568320000454e-01,1.536002513664000091e+00,3.072005027328000182e+00,1.248002042352000185e+00,2.304005799167999857e+00,-7.295967682943999222e+00,2.304005301503999625e+00,2.304003770495999692e+00
0.000000000000000000e+00,0.000000000000000000e+00,0.000000000000000000e+00,0.000000000000000000e+00,0.000000000000000000e+00,0.000000000000000000e+00,0.000000000000000000e+00,0.000000000000000000e+00,0.000000000000000000e+00,0.000000000000000000e+00,0.000000000000000000e+00,1.536011000703997098e+00,6.144086178815999943e+00,2.496035010144000310e+00,1.920004417920000150e-01,3.840008835840000301e-01,7.680017671680000602e-01,1.536003534336000120e+00,3.072007068672000241e+00,6.144014137344000481e+00,2.496005743296000556e+00,1.920003142080000114e-01,3.840006284160000227e-01,7.680012568320000454e-01,1.536002513664000091e+00,3.072005027328000182e+00,6.144010054656000364e+00,2.496004084704000370e+00,4.608011598335999714e+00,-1.459193536588799844e+01,4.608010603007999251e+00,4.608007540991999385e+00
0.000000000000000000e+00,0.000000000000000000e+00,0.000000000000000000e+00,0.000000000000000000e+00,0.000000000000000000e+00,0.000000000000000000e+00,0.000000000000000000e+00,0.000000000000000000e+00,0.000000000000000000e+00,0.000000000000000000e+00,0.000000000000000000e+00,0.000000000000000000e+00,6.144065090815999497e+00,4.992070020288000620e+00,3.840008835840000301e-01,7.680017671680000602e-01,1.536003534336000120e+00,3.072007068672000241e+00,6.144014137344000481e+00,1.228802827468800096e+01,4.992011486592001113e+00,3.840006284160000227e-01,7.680012568320000454e-01,1.536002513664000091e+00,3.072005027328000182e+00,6.144010054656000364e+00,1.228802010931200073e+01,4.992008169408000740e+00,9.216023196671999429e+00,-2.918387073177599689e+01,9.216021206015998501e+00,9.216015081983998769e+00
0.000000000000000000e+00,0.000000000000000000e+00,0.000000000000000000e+00,0.000000000000000000e+00,0.000000000000000000e+00,0.000000000000000000e+00,0.000000000000000000e+00,0.000000000000000000e+00,0.000000000000000000e+00,0.000000000000000000e+00,0.000000000000000000e+00,0.000000000000000000e+00,0.000000000000000000e+00,1.014005655871001110e+00,1.560003589560000348e-01,3.120007179120000695e-01,6.240014358240001391e-01,1.248002871648000278e+00,2.496005743296000556e+00,4.992011486592001113e+00,2.028004666428000036e+00,1.560002552940000231e-01,3.120005105880000462e-01,6.240010211760000924e-01,1.248002042352000185e+00,2.496004084704000370e+00,4.992008169408000740e+00,2.028003318821999912e+00,3.744009423647999935e+00,-1.185594748478400184e+01,3.744008614943999724e+00,3.744006127055999666e+00
0.000000000000000000e+00,0.000000000000000000e+00,0.000000000000000000e+00,0.000000000000000000e+00,0.000000000000000000e+00,0.000000000000000000e+00,0.000000000000000000e+00,0.000000000000000000e+00,0.000000000000000000e+00,0.000000000000000000e+00,0.000000000000000000e+00,0.000000000000000000e+00,0.000000000000000000e+00,0.000000000000000000e+00,5.996909582999920829e-03,2.400033433200000205e-02,4.800066866400000409e-02,9.600133732800000819e-02,1.920026746560000164e-01,3.840053493120000327e-01,1.560021731580000237e-01,1.200001630800000101e-02,2.400003261600000201e-02,4.800006523200000402e-02,9.600013046400000805e-02,1.920002609280000161e-01,3.840005218560000322e-01,1.560002120040000217e-01,2.880008773919999765e-01,2.880006626879999532e-01,-9.119959880160000143e-01,2.880003913919999547e-01
0.000000000000000000e+00,0.000000000000000000e+00,0.000000000000000000e+00,0.000000000000000000e+00,0.000000000000000000e+00,0.000000000000000000e+00,0.000000000000000000e+00,0.000000000000000000e+00,0.000000000000000000e+00,0.000000000000000000e+00,0.000000000000000000e+00,0.000000000000000000e+00,0.000000000000000000e+00,0.000000000000000000e+00,0.000000000000000000e+00,2.399398633199956166e-02,9.600133732800000819e-02,1.920026746560000164e-01,3.840053493120000327e-01,7.680106986240000655e-01,3.120043463160000474e-01,2.400003261600000201e-02,4.800006523200000402e-02,9.600013046400000805e-02,1.920002609280000161e-01,3.840005218560000322e-01,7.680010437120000644e-01,3.120004240080000435e-01,5.760017547839999530e-01,5.760013253759999063e-01,-1.823991976032000029e+00,5.760007827839999095e-01
0.000000000000000000e+00,0.000000000000000000e+00,0.000000000000000000e+00,0.000000000000000000e+00,0.000000000000000000e+00,0.000000000000000000e+00,0.000000000000000000e+00,0.000000000000000000e+00,0.000000000000000000e+00,0.000000000000000000e+00,0.000000000000000000e+00,0.000000000000000000e+00,0.000000000000000000e+00,0.000000000000000000e+00,0.000000000000000000e+00,0.000000000000000000e+00,9.598864132799977966e-02,3.840053493120000327e-01,7.680106986240000655e-01,1.536021397248000131e+00,6.240086926320000948e-01,4.800006523200000402e-02,9.600013046400000805e-02,1.920002609280000161e-01,3.840005218560000322e-01,7.680010437120000644e-01,1.536002087424000129e+00,6.240008480160000870e-01,1.152003509567999906e+00,1.152002650751999813e+00,-3.647983952064000057e+00,1.152001565567999819e+00
0.000000000000000000e+00,0.000000000000000000e+00,0.000000000000000000e+00,0.000000000000000000e+00,0.000000000000000000e+00,0.000000000000000000e+00,0.000000000000000000e+00,0.000000000000000000e+00,0.000000000000000000e+00,0.000000000000000000e+00,0.000000000000000000e+00,0.000000000000000000e+00,0.000000000000000000e+00,0.000000000000000000e+00,0.000000000000000000e+00,0.000000000000000000e+00,0.000000000000000000e+00,3.839799573119986320e-01,1.536021397248000131e+00,3.072042794496000262e+00,1.248017385264000190e+00,9.600013046400000805e-02,1.920002609280000161e-01,3.840005218560000322e-01,7.680010437120000644e-01,1.536002087424000129e+00,3.072004174848000257e+00,1.248001696032000174e+00,2.304007019135999812e+00,2.304005301503999625e+00,-7.295967904128000114e+00,2.304003131135999638e+00
0.000000000000000000e+00,0.000000000000000000e+00,0.000000000000000000e+00,0.000000000000000000e+00,0.000000000000000000e+00,0.000000000000000000e+00,0.000000000000000000e+00,0.000000000000000000e+00,0.000000000000000000e+00,0.000000000000000000e+00,0.000000000000000000e+00,0.000000000000000000e+00,0.000000000000000000e+00,0.000000000000000000e+00,0.000000000000000000e+00,0.000000000000000000e+00,0.000000000000000000e+00,0.000000000000000000e+00,1.535970613247997107e+00,6.144085588992000524e+00,2.496034770528000379e+00,1.920002609280000161e-01,3.840005218560000322e-01,7.680010437120000644e-01,1.536002087424000129e+00,3.072004174848000257e+00,6.144008349696000515e+00,2.496003392064000348e+00,4.608014038271999624e+00,4.608010603007999251e+00,-1.459193580825600023e+01,4.608006262271999276e+00
0.000000000000000000e+00,0.000000000000000000e+00,0.000000000000000000e+00,0.000000000000000000e+00,0.000000000000000000e+00,0.000000000000000000e+00,0.000000000000000000e+00,0.000000000000000000e+00,0.000000000000000000e+00,0.000000000000000000e+00,0.000000000000000000e+00,0.000000000000000000e+00,0.000000000000000000e+00,0.000000000000000000e+00,0.000000000000000000e+00,0.000000000000000000e+00,0.000000000000000000e+00,0.000000000000000000e+00,0.000000000000000000e+00,6.143984020992000694e+00,4.992069541056000759e+00,3.840005218560000322e-01,7.680010437120000644e-01,1.536002087424000129e+00,3.072004174848000257e+00,6.144008349696000515e+00,1.228801669939200103e+01,4.992006784128000696e+00,9.216028076543999248e+00,9.216021206015998501e+00,-2.918387161651200046e+01,9.216012524543998552e+00
0.000000000000000000e+00,0.000000000000000000e+00,0.000000000000000000e+00,0.000000000000000000e+00,0.000000000000000000e+00,0.000000000000000000e+00,0.000000000000000000e+00,0.000000000000000000e+00,0.000000000000000000e+00,0.000000000000000000e+00,0.000000000000000000e+00,0.000000000000000000e+00,0.000000000000000000e+00,0.000000000000000000e+00,0.000000000000000000e+00,0.000000000000000000e+00,0.000000000000000000e+00,0.000000000000000000e+00,0.000000000000000000e+00,0.000000000000000000e+00,1.013972863527001778e+00,1.560002120040000217e-01,3.120004240080000435e-01,6.240008480160000870e-01,1.248001696032000174e+00,2.496003392064000348e+00,4.992006784128000696e+00,2.028002756051999977e+00,3.744011406095999916e+00,3.744008614943999724e+00,-1.185594784420800174e+01,3.744005088095999856e+00
0.000000000000000000e+00,0.000000000000000000e+00,0.000000000000000000e+00,0.000000000000000000e+00,0.000000000000000000e+00,0.000000000000000000e+00,0.000000000000000000e+00,0.000000000000000000e+00,0.000000000000000000e+00,0.000000000000000000e+00,0.000000000000000000e+00,0.000000000000000000e+00,0.000000000000000000e+00,0.000000000000000000e+00,0.000000000000000000e+00,0.000000000000000000e+00,0.000000000000000000e+00,0.000000000000000000e+00,0.000000000000000000e+00,0.000000000000000000e+00,0.000000000000000000e+00,5.998738154999960770e-03,2.400046062000000049e-02,4.800092124000000099e-02,9.600184248000000198e-02,1.920036849600000040e-01,3.840073699200000079e-01,1.560029940300000362e-01,2.880018066239999897e-01,2.880004713119999615e-01,2.880003913919999547e-01,-9.119944725599999913e-01
0.000000000000000000e+00,0.000000000000000000e+00,0.000000000000000000e+00,0.000000000000000000e+00,0.000000000000000000e+00,0.000000000000000000e+00,0.000000000000000000e+00,0.000000000000000000e+00,0.000000000000000000e+00,0.000000000000000000e+00,0.000000000000000000e+00,0.000000000000000000e+00,0.000000000000000000e+00,0.000000000000000000e+00,0.000000000000000000e+00,0.000000000000000000e+00,0.000000000000000000e+00,0.000000000000000000e+00,0.000000000000000000e+00,0.000000000000000000e+00,0.000000000000000000e+00,0.000000000000000000e+00,2.399770661999944821e-02,9.600184248000000198e-02,1.920036849600000040e-01,3.840073699200000079e-01,7.680147398400000158e-01,3.120059880600000723e-01,5.760036132479999793e-01,5.760009426239999231e-01,5.760007827839999095e-01,-1.823988945119999983e+00
0.000000000000000000e+00,0.000000000000000000e+00,0.000000000000000000e+00,0.000000000000000000e+00,0.000000000000000000e+00,0.000000000000000000e+00,0.000000000000000000e+00,0.000000000000000000e+00,0.000000000000000000e+00,0.000000000000000000e+00,0.000000000000000000e+00,0.000000000000000000e+00,0.000000000000000000e+00,0.000000000000000000e+00,0.000000000000000000e+00,0.000000000000000000e+00,0.000000000000000000e+00,0.000000000000000000e+00,0.000000000000000000e+00,0.000000000000000000e+00,0.000000000000000000e+00,0.000000000000000000e+00,0.000000000000000000e+00,9.599633447999966762e-02,3.840073699200000079e-01,7.680147398400000158e-01,1.536029479680000032e+00,6.240119761200001447e-01,1.152007226495999959e+00,1.152001885247999846e+00,1.152001565567999819e+00,-3.647977890239999965e+00
0.000000000000000000e+00,0.000000000000000000e+00,0.000000000000000000e+00,0.000000000000000000e+00,0.000000000000000000e+00,0.000000000000000000e+00,0.000000000000000000e+00,0.000000000000000000e+00,0.000000000000000000e+00,0.000000000000000000e+00,0.000000000000000000e+00,0.000000000000000000e+00,0.000000000000000000e+00,0.000000000000000000e+00,0.000000000000000000e+00,0.000000000000000000e+00,0.000000000000000000e+00,0.000000000000000000e+00,0.000000000000000000e+00,0.000000000000000000e+00,0.000000000000000000e+00,0.000000000000000000e+00,0.000000000000000000e+00,0.000000000000000000e+00,3.839963539199988674e-01,1.536029479680000032e+00,3.072058959360000063e+00,1.248023952240000289e+00,2.304014452991999917e+00,2.304003770495999692e+00,2.304003131135999638e+00,-7.295955780479999930e+00
0.000000000000000000e+00,0.000000000000000000e+00,0.000000000000000000e+00,0.000000000000000000e+00,0.000000000000000000e+00,0.000000000000000000e+00,0.000000000000000000e+00,0.000000000000000000e+00,0.000000000000000000e+00,0.000000000000000000e+00,0.000000000000000000e+00,0.000000000000000000e+00,0.000000000000000000e+00,0.000000000000000000e+00,0.000000000000000000e+00,0.000000000000000000e+00,0.000000000000000000e+00,0.000000000000000000e+00,0.000000000000000000e+00,0.000000000000000000e+00,0.000000000000000000e+00,0.000000000000000000e+00,0.000000000000000000e+00,0.000000000000000000e+00,0.000000000000000000e+00,1.536007447679999416e+00,6.144117918720000127e+00,2.496047904480000579e+00,4.608028905983999834e+00,4.608007540991999385e+00,4.608006262271999276e+00,-1.459191156095999986e+01
0.000000000000000000e+00,0.000000000000000000e+00,0.000000000000000000e+00,0.000000000000000000e+00,0.000000000000000000e+00,0.000000000000000000e+00,0.000000000000000000e+00,0.000000000000000000e+00,0.000000000000000000e+00,0.000000000000000000e+00,0.000000000000000000e+00,0.000000000000000000e+00,0.000000000000000000e+00,0.000000000000000000e+00,0.000000000000000000e+00,0.000000000000000000e+00,0.000000000000000000e+00,0.000000000000000000e+00,0.000000000000000000e+00,0.000000000000000000e+00,0.000000000000000000e+00,0.000000000000000000e+00,0.000000000000000000e+00,0.000000000000000000e+00,0.000000000000000000e+00,0.000000000000000000e+00,6.144073854719998451e+00,4.992095808960001158e+00,9.216057811967999669e+00,9.216015081983998769e+00,9.216012524543998552e+00,-2.918382312191999972e+01
0.000000000000000000e+00,0.000000000000000000e+00,0.000000000000000000e+00,0.000000000000000000e+00,0.000000000000000000e+00,0.000000000000000000e+00,0.000000000000000000e+00,0.000000000000000000e+00,0.000000000000000000e+00,0.000000000000000000e+00,0.000000000000000000e+00,0.000000000000000000e+00,0.000000000000000000e+00,0.000000000000000000e+00,0.000000000000000000e+00,0.000000000000000000e+00,0.000000000000000000e+00,0.000000000000000000e+00,0.000000000000000000e+00,0.000000000000000000e+00,0.000000000000000000e+00,0.000000000000000000e+00,0.000000000000000000e+00,0.000000000000000000e+00,0.000000000000000000e+00,0.000000000000000000e+00,0.000000000000000000e+00,1.014001560195001872e+00,3.744023486111999865e+00,3.744006127055999666e+00,3.744005088095999856e+00,-1.185592814328000166e+01
0.000000000000000000e+00,0.000000000000000000e+00,0.000000000000000000e+00,0.000000000000000000e+00,0.000000000000000000e+00,0.000000000000000000e+00,0.000000000000000000e+00,0.000000000000000000e+00,0.000000000000000000e+00,0.000000000000000000e+00,0.000000000000000000e+00,0.000000000000000000e+00,0.000000000000000000e+00,0.000000000000000000e+00,0.000000000000000000e+00,0.000000000000000000e+00,0.000000000000000000e+00,0.000000000000000000e+00,0.000000000000000000e+00,0.000000000000000000e+00,0.000000000000000000e+00,0.000000000000000000e+00,0.000000000000000000e+00,0.000000000000000000e+00,0.000000000000000000e+00,0.000000000000000000e+00,0.000000000000000000e+00,0.000000000000000000e+00,-3.853440037789439998e+02,2.469120173975040018e+02,2.469120210574079977e+02,2.469120433589760069e+02
0.000000000000000000e+00,0.000000000000000000e+00,0.000000000000000000e+00,0.000000000000000000e+00,0.000000000000000000e+00,0.000000000000000000e+00,0.000000000000000000e+00,0.000000000000000000e+00,0.000000000000000000e+00,0.000000000000000000e+00,0.000000000000000000e+00,0.000000000000000000e+00,0.000000000000000000e+00,0.000000000000000000e+00,0.000000000000000000e+00,0.000000000000000000e+00,0.000000000000000000e+00,0.000000000000000000e+00,0.000000000000000000e+00,0.000000000000000000e+00,0.000000000000000000e+00,0.000000000000000000e+00,0.000000000000000000e+00,0.000000000000000000e+00,0.000000000000000000e+00,0.000000000000000000e+00,0.000000000000000000e+00,0.000000000000000000e+00,0.000000000000000000e+00,-3.853439673404159862e+02,2.469120159045120033e+02,2.469120113114880155e+02
0.000000000000000000e+00,0.000000000000000000e+00,0.000000000000000000e+00,0.000000000000000000e+00,0.000000000000000000e+00,0.000000000000000000e+00,0.000000000000000000e+00,0.000000000000000000e+00,0.000000000000000000e+00,0.000000000000000000e+00,0.000000000000000000e+00,0.000000000000000000e+00,0.000000000000000000e+00,0.000000000000000000e+00,0.000000000000000000e+00,0.000000000000000000e+00,0.000000000000000000e+00,0.000000000000000000e+00,0.000000000000000000e+00,0.000000000000000000e+00,0.000000000000000000e+00,0.000000000000000000e+00,0.000000000000000000e+00,0.000000000000000000e+00,0.000000000000000000e+00,0.000000000000000000e+00,0.000000000000000000e+00,0.000000000000000000e+00,0.000000000000000000e+00,0.000000000000000000e+00,-3.853440280321920000e+02,2.469120093934079989e+02
0.000000000000000000e+00,0.000000000000000000e+00,0.000000000000000000e+00,0.000000000000000000e+00,0.000000000000000000e+00,0.000000000000000000e+00,0.000000000000000000e+00,0.000000000000000000e+00,0.000000000000000000e+00,0.000000000000000000e+00,0.000000000000000000e+00,0.000000000000000000e+00,0.000000000000000000e+00,0.000000000000000000e+00,0.000000000000000000e+00,0.000000000000000000e+00,0.000000000000000000e+00,0.000000000000000000e+00,0.000000000000000000e+00,0.000000000000000000e+00,0.000000000000000000e+00,0.000000000000000000e+00,0.000000000000000000e+00,0.000000000000000000e+00,0.000000000000000000e+00,0.000000000000000000e+00,0.000000000000000000e+00,0.000000000000000000e+00,0.000000000000000000e+00,0.000000000000000000e+00,0.000000000000000000e+00,-3.853439667187199689e+02
