-1.031000431605159946e+02,8.000000000859359943e+02,1.600000000171871989e+03,3.200000000343743977e+03,6.400000000687487955e+03,1.280000000137497591e+04,5.200000000558584361e+03,4.000000000033559786e+02,8.000000000067119572e+02,1.600000000013423914e+03,3.200000000026847829e+03,6.400000000053695658e+03,1.280000000010739132e+04,5.200000000043627551e+03,4.000000000040619739e+02,8.000000000081239477e+02,1.600000000016247895e+03,3.200000000032495791e+03,6.400000000064991582e+03,1.280000000012998316e+04,5.200000000052806172e+03,4.000000000083639975e+02,8.000000000167279950e+02,1.600000000033455990e+03,3.200000000066911980e+03,6.400000000133823960e+03,1.280000000026764792e+04,5.200000000108731911e+03,9.599100001031232750e+03,9.600000000080544851e+03,9.600000000097488737e+03,9.600000000200736395e+03
0.000000000000000000e+00,1.937999137219360080e+02,3.200000000343743977e+03,6.400000000687487955e+03,1.280000000137497591e+04,2.560000000274995182e+04,1.040000000111716872e+04,8.000000000067119572e+02,1.600000000013423914e+03,3.200000000026847829e+03,6.400000000053695658e+03,1.280000000010739132e+04,2.560000000021478263e+04,1.040000000008725510e+04,8.000000000081239477e+02,1.600000000016247895e+03,3.200000000032495791e+03,6.400000000064991582e+03,1.280000000012998316e+04,2.560000000025996633e+04,1.040000000010561234e+04,8.000000000167279950e+02,1.600000000033455990e+03,3.200000000066911980e+03,6.400000000133823960e+03,1.280000000026764792e+04,2.560000000053529584e+04,1.040000000021746382e+04,1.919820000206246550e+04,1.920000000016108970e+04,1.920000000019497747e+04,1.920000000040147279e+04
0.000000000000000000e+00,0.000000000000000000e+00,1.987599827615744061e+03,1.280000000137497591e+04,2.560000000274995182e+04,5.120000000549990364e+04,2.080000000223433744e+04,1.600000000013423914e+03,3.200000000026847829e+03,6.400000000053695658e+03,1.280000000010739132e+04,2.560000000021478263e+04,5.120000000042956526e+04,2.080000000017451021e+04,1.600000000016247895e+03,3.200000000032495791e+03,6.400000000064991582e+03,1.280000000012998316e+04,2.560000000025996633e+04,5.120000000051993266e+04,2.080000000021122469e+04,1.600000000033455990e+03,3.200000000066911980e+03,6.400000000133823960e+03,1.280000000026764792e+04,2.560000000053529584e+04,5.120000000107059168e+04,2.080000000043492764e+04,3.839640000412493100e+04,3.840000000032217940e+04,3.840000000038995495e+04,3.840000000080294558e+04
0.000000000000000000e+00,0.000000000000000000e+00,0.000000000000000000e+00,1.037519965591897562e+04,5.120000000549990364e+04,1.024000000109998073e+05,4.160000000446867489e+04,3.200000000026847829e+03,6.400000000053695658e+03,1.280000000010739132e+04,2.560000000021478263e+04,5.120000000042956526e+04,1.024000000008591305e+05,4.160000000034902041e+04,3.200000000032495791e+03,6.400000000064991582e+03,1.280000000012998316e+04,2.560000000025996633e+04,5.120000000051993266e+04,1.024000000010398653e+05,4.160000000042244938e+04,3.200000000066911980e+03,6.400000000133823960e+03,1.280000000026764792e+04,2.560000000053529584e+04,5.120000000107059168e+04,1.024000000021411834e+05,4.160000000086985528e+04,7.679280000824986200e+04,7.680000000064435881e+04,7.680000000077990990e+04,7.680000000160589116e+04
0.000000000000000000e+00,0.000000000000000000e+00,0.000000000000000000e+00,0.000000000000000000e+00,4.635039931458790670e+04,2.048000000219996145e+05,8.320000000893734978e+04,6.400000000053695658e+03,1.280000000010739132e+04,2.560000000021478263e+04,5.120000000042956526e+04,1.024000000008591305e+05,2.048000000017182610e+05,8.320000000069804082e+04,6.400000000064991582e+03,1.280000000012998316e+04,2.560000000025996633e+04,5.120000000051993266e+04,1.024000000010398653e+05,2.048000000020797306e+05,8.320000000084489875e+04,6.400000000133823960e+03,1.280000000026764792e+04,2.560000000053529584e+04,5.120000000107059168e+04,1.024000000021411834e+05,2.048000000042823667e+05,8.320000000173971057e+04,1.535856000164997240e+05,1.536000000012887176e+05,1.536000000015598198e+05,1.536000000032117823e+05
0.000000000000000000e+00,0.000000000000000000e+00,0.000000000000000000e+00,0.000000000000000000e+00,0.000000000000000000e+00,1.951007986401756061e+05,1.664000000178746996e+05,1.280000000010739132e+04,2.560000000021478263e+04,5.120000000042956526e+04,1.024000000008591305e+05,2.048000000017182610e+05,4.096000000034365221e+05,1.664000000013960816e+05,1.280000000012998316e+04,2.560000000025996633e+04,5.120000000051993266e+04,1.024000000010398653e+05,2.048000000020797306e+05,4.096000000041594612e+05,1.664000000016897975e+05,1.280000000026764792e+04,2.560000000053529584e+04,5.120000000107059168e+04,1.024000000021411834e+05,2.048000000042823667e+05,4.096000000085647334e+05,1.664000000034794211e+05,3.071712000329994480e+05,3.072000000025774352e+05,3.072000000031196396e+05,3.072000000064235646e+05
0.000000000000000000e+00,0.000000000000000000e+00,0.000000000000000000e+00,0.000000000000000000e+00,0.000000000000000000e+00,0.000000000000000000e+00,2.985969944226479492e+04,5.200000000043627551e+03,1.040000000008725510e+04,2.080000000017451021e+04,4.160000000034902041e+04,8.320000000069804082e+04,1.664000000013960816e+05,6.760000000056716090e+04,5.200000000052806172e+03,1.040000000010561234e+04,2.080000000021122469e+04,4.160000000042244938e+04,8.320000000084489875e+04,1.664000000016897975e+05,6.760000000068647205e+04,5.200000000108731911e+03,1.040000000021746382e+04,2.080000000043492764e+04,4.160000000086985528e+04,8.320000000173971057e+04,1.664000000034794211e+05,6.760000000141351484e+04,1.247883000134060130e+05,1.248000000010470685e+05,1.248000000012673408e+05,1.248000000026095659e+05
0.000000000000000000e+00,0.000000000000000000e+00,0.000000000000000000e+00,0.000000000000000000e+00,0.000000000000000000e+00,0.000000000000000000e+00,0.000000000000000000e+00,-1.031000059216490001e+02,8.000000000374039928e+02,1.600000000074807986e+03,3.200000000149615971e+03,6.400000000299231942e+03,1.280000000059846388e+04,5.200000000243126124e+03,4.000000000030680098e+02,8.000000000061360197e+02,1.600000000012272039e+03,3.200000000024544079e+03,6.400000000049088158e+03,1.280000000009817632e+04,5.200000000039884071e+03,4.000000000021819915e+02,8.000000000043639830e+02,1.600000000008727966e+03,3.200000000017455932e+03,6.400000000034911864e+03,1.280000000006982373e+04,5.200000000028366230e+03,9.600000000080544851e+03,9.599100000448848732e+03,9.600000000073632691e+03,9.600000000052368705e+03
0.000000000000000000e+00,0.000000000000000000e+00,0.000000000000000000e+00,0.000000000000000000e+00,0.000000000000000000e+00,0.000000000000000000e+00,0.000000000000000000e+00,0.000000000000000000e+00,1.937999881754039961e+02,3.200000000149615971e+03,6.400000000299231942e+03,1.280000000059846388e+04,2.560000000119692777e+04,1.040000000048625225e+04,8.000000000061360197e+02,1.600000000012272039e+03,3.200000000024544079e+03,6.400000000049088158e+03,1.280000000009817632e+04,2.560000000019635263e+04,1.040000000007976814e+04,8.000000000043639830e+02,1.600000000008727966e+03,3.200000000017455932e+03,6.400000000034911864e+03,1.280000000006982373e+04,2.560000000013964745e+04,1.040000000005673246e+04,1.920000000016108970e+04,1.919820000089769746e+04,1.920000000014726538e+04,1.920000000010473741e+04
0.000000000000000000e+00,0.000000000000000000e+00,0.000000000000000000e+00,0.000000000000000000e+00,0.000000000000000000e+00,0.000000000000000000e+00,0.000000000000000000e+00,0.000000000000000000e+00,0.000000000000000000e+00,1.987599976425615978e+03,1.280000000059846388e+04,2.560000000119692777e+04,5.120000000239385554e+04,2.080000000097250449e+04,1.600000000012272039e+03,3.200000000024544079e+03,6.400000000049088158e+03,1.280000000009817632e+04,2.560000000019635263e+04,5.120000000039270526e+04,2.080000000015953628e+04,1.600000000008727966e+03,3.200000000017455932e+03,6.400000000034911864e+03,1.280000000006982373e+04,2.560000000013964745e+04,5.120000000027929491e+04,2.080000000011346492e+04,3.840000000032217940e+04,3.839640000179539493e+04,3.840000000029453076e+04,3.840000000020947482e+04
0.000000000000000000e+00,0.000000000000000000e+00,0.000000000000000000e+00,0.000000000000000000e+00,0.000000000000000000e+00,0.000000000000000000e+00,0.000000000000000000e+00,0.000000000000000000e+00,0.000000000000000000e+00,0.000000000000000000e+00,1.037519995315046435e+04,5.120000000239385554e+04,1.024000000047877111e+05,4.160000000194500899e+04,3.200000000024544079e+03,6.400000000049088158e+03,1.280000000009817632e+04,2.560000000019635263e+04,5.120000000039270526e+04,1.024000000007854105e+05,4.160000000031907257e+04,3.200000000017455932e+03,6.400000000034911864e+03,1.280000000006982373e+04,2.560000000013964745e+04,5.120000000027929491e+04,1.024000000005585898e+05,4.160000000022692984e+04,7.680000000064435881e+04,7.679280000359078986e+04,7.680000000058906153e+04,7.680000000041894964e+04
0.000000000000000000e+00,0.000000000000000000e+00,0.000000000000000000e+00,0.000000000000000000e+00,0.000000000000000000e+00,0.000000000000000000e+00,0.000000000000000000e+00,0.000000000000000000e+00,0.000000000000000000e+00,0.000000000000000000e+00,0.000000000000000000e+00,4.635039990749785647e+04,2.048000000095754222e+05,8.320000000389001798e+04,6.400000000049088158e+03,1.280000000009817632e+04,2.560000000019635263e+04,5.120000000039270526e+04,1.024000000007854105e+05,2.048000000015708210e+05,8.320000000063814514e+04,6.400000000034911864e+03,1.280000000006982373e+04,2.560000000013964745e+04,5.120000000027929491e+04,1.024000000005585898e+05,2.048000000011171796e+05,8.320000000045385968e+04,1.536000000012887176e+05,1.535856000071815797e+05,1.536000000011781231e+05,1.536000000008378993e+05
0.000000000000000000e+00,0.000000000000000000e+00,0.000000000000000000e+00,0.000000000000000000e+00,0.000000000000000000e+00,0.000000000000000000e+00,0.000000000000000000e+00,0.000000000000000000e+00,0.000000000000000000e+00,0.000000000000000000e+00,0.000000000000000000e+00,0.000000000000000000e+00,1.951007998197834240e+05,1.664000000077800360e+05,1.280000000009817632e+04,2.560000000019635263e+04,5.120000000039270526e+04,1.024000000007854105e+05,2.048000000015708210e+05,4.096000000031416421e+05,1.664000000012762903e+05,1.280000000006982373e+04,2.560000000013964745e+04,5.120000000027929491e+04,1.024000000005585898e+05,2.048000000011171796e+05,4.096000000022343593e+05,1.664000000009077194e+05,3.072000000025774352e+05,3.071712000143631594e+05,3.072000000023562461e+05,3.072000000016757986e+05
0.000000000000000000e+00,0.000000000000000000e+00,0.000000000000000000e+00,0.000000000000000000e+00,0.000000000000000000e+00,0.000000000000000000e+00,0.000000000000000000e+00,0.000000000000000000e+00,0.000000000000000000e+00,0.000000000000000000e+00,0.000000000000000000e+00,0.000000000000000000e+00,0.000000000000000000e+00,2.985969992447731784e+04,5.200000000039884071e+03,1.040000000007976814e+04,2.080000000015953628e+04,4.160000000031907257e+04,8.320000000063814514e+04,1.664000000012762903e+05,6.760000000051848474e+04,5.200000000028366230e+03,1.040000000005673246e+04,2.080000000011346492e+04,4.160000000022692984e+04,8.320000000045385968e+04,1.664000000009077194e+05,6.760000000036876008e+04,1.248000000010470685e+05,1.247883000058350299e+05,1.248000000009572104e+05,1.248000000006807823e+05
0.000000000000000000e+00,0.000000000000000000e+00,0.000000000000000000e+00,0.000000000000000000e+00,0.000000000000000000e+00,0.000000000000000000e+00,0.000000000000000000e+00,0.000000000000000000e+00,0.000000000000000000e+00,0.000000000000000000e+00,0.000000000000000000e+00,0.000000000000000000e+00,0.000000000000000000e+00,0.000000000000000000e+00,-1.031000285567129993e+02,8.000000000371479700e+02,1.600000000074295940e+03,3.200000000148591880e+03,6.400000000297183760e+03,1.280000000059436752e+04,5.200000000241461748e+03,4.000000000018119977e+02,8.000000000036239953e+02,1.600000000007247991e+03,3.200000000014495981e+03,6.400000000028991963e+03,1.280000000005798393e+04,5.200000000023555913e+03,9.600000000097488737e+03,9.600000000073632691e+03,9.599100000445776459e+03,9.600000000043488399e+03
0.000000000000000000e+00,0.000000000000000000e+00,0.000000000000000000e+00,0.000000000000000000e+00,0.000000000000000000e+00,0.000000000000000000e+00,0.000000000000000000e+00,0.000000000000000000e+00,0.000000000000000000e+00,0.000000000000000000e+00,0.000000000000000000e+00,0.000000000000000000e+00,0.000000000000000000e+00,0.000000000000000000e+00,0.000000000000000000e+00,1.937999429051479865e+02,3.200000000148591880e+03,6.400000000297183760e+03,1.280000000059436752e+04,2.560000000118873504e+04,1.040000000048292350e+04,8.000000000036239953e+02,1.600000000007247991e+03,3.200000000014495981e+03,6.400000000028991963e+03,1.280000000005798393e+04,2.560000000011596785e+04,1.040000000004711183e+04,1.920000000019497747e+04,1.920000000014726538e+04,1.919820000089155292e+04,1.920000000008697680e+04
0.000000000000000000e+00,0.000000000000000000e+00,0.000000000000000000e+00,0.000000000000000000e+00,0.000000000000000000e+00,0.000000000000000000e+00,0.000000000000000000e+00,0.000000000000000000e+00,0.000000000000000000e+00,0.000000000000000000e+00,0.000000000000000000e+00,0.000000000000000000e+00,0.000000000000000000e+00,0.000000000000000000e+00,0.000000000000000000e+00,0.000000000000000000e+00,1.987599885884591913e+03,1.280000000059436752e+04,2.560000000118873504e+04,5.120000000237747008e+04,2.080000000096584699e+04,1.600000000007247991e+03,3.200000000014495981e+03,6.400000000028991963e+03,1.280000000005798393e+04,2.560000000011596785e+04,5.120000000023193570e+04,2.080000000009422365e+04,3.840000000038995495e+04,3.840000000029453076e+04,3.839640000178310584e+04,3.840000000017395359e+04
0.000000000000000000e+00,0.000000000000000000e+00,0.000000000000000000e+00,0.000000000000000000e+00,0.000000000000000000e+00,0.000000000000000000e+00,0.000000000000000000e+00,0.000000000000000000e+00,0.000000000000000000e+00,0.000000000000000000e+00,0.000000000000000000e+00,0.000000000000000000e+00,0.000000000000000000e+00,0.000000000000000000e+00,0.000000000000000000e+00,0.000000000000000000e+00,0.000000000000000000e+00,1.037519977206636759e+04,5.120000000237747008e+04,1.024000000047549402e+05,4.160000000193169399e+04,3.200000000014495981e+03,6.400000000028991963e+03,1.280000000005798393e+04,2.560000000011596785e+04,5.120000000023193570e+04,1.024000000004638714e+05,4.160000000018844730e+04,7.680000000077990990e+04,7.680000000058906153e+04,7.679280000356621167e+04,7.680000000034790719e+04
0.000000000000000000e+00,0.000000000000000000e+00,0.000000000000000000e+00,0.000000000000000000e+00,0.000000000000000000e+00,0.000000000000000000e+00,0.000000000000000000e+00,0.000000000000000000e+00,0.000000000000000000e+00,0.000000000000000000e+00,0.000000000000000000e+00,0.000000000000000000e+00,0.000000000000000000e+00,0.000000000000000000e+00,0.000000000000000000e+00,0.000000000000000000e+00,0.000000000000000000e+00,0.000000000000000000e+00,4.635039954532147385e+04,2.048000000095098803e+05,8.320000000386338797e+04,6.400000000028991963e+03,1.280000000005798393e+04,2.560000000011596785e+04,5.120000000023193570e+04,1.024000000004638714e+05,2.048000000009277428e+05,8.320000000037689460e+04,1.536000000015598198e+05,1.536000000011781231e+05,1.535856000071324233e+05,1.536000000006958144e+05
0.000000000000000000e+00,0.000000000000000000e+00,0.000000000000000000e+00,0.000000000000000000e+00,0.000000000000000000e+00,0.000000000000000000e+00,0.000000000000000000e+00,0.000000000000000000e+00,0.000000000000000000e+00,0.000000000000000000e+00,0.000000000000000000e+00,0.000000000000000000e+00,0.000000000000000000e+00,0.000000000000000000e+00,0.000000000000000000e+00,0.000000000000000000e+00,0.000000000000000000e+00,0.000000000000000000e+00,0.000000000000000000e+00,1.951007990953979024e+05,1.664000000077267759e+05,1.280000000005798393e+04,2.560000000011596785e+04,5.120000000023193570e+04,1.024000000004638714e+05,2.048000000009277428e+05,4.096000000018554856e+05,1.664000000007537892e+05,3.072000000031196396e+05,3.072000000023562461e+05,3.071712000142648467e+05,3.072000000013916288e+05
0.000000000000000000e+00,0.000000000000000000e+00,0.000000000000000000e+00,0.000000000000000000e+00,0.000000000000000000e+00,0.000000000000000000e+00,0.000000000000000000e+00,0.000000000000000000e+00,0.000000000000000000e+00,0.000000000000000000e+00,0.000000000000000000e+00,0.000000000000000000e+00,0.000000000000000000e+00,0.000000000000000000e+00,0.000000000000000000e+00,0.000000000000000000e+00,0.000000000000000000e+00,0.000000000000000000e+00,0.000000000000000000e+00,0.000000000000000000e+00,2.985969963021150397e+04,5.200000000023555913e+03,1.040000000004711183e+04,2.080000000009422365e+04,4.160000000018844730e+04,8.320000000037689460e+04,1.664000000007537892e+05,6.760000000030623050e+04,1.248000000012673408e+05,1.248000000009572104e+05,1.247883000057950849e+05,1.248000000005653419e+05
0.000000000000000000e+00,0.000000000000000000e+00,0.000000000000000000e+00,0.000000000000000000e+00,0.000000000000000000e+00,0.000000000000000000e+00,0.000000000000000000e+00,0.000000000000000000e+00,0.000000000000000000e+00,0.000000000000000000e+00,0.000000000000000000e+00,0.000000000000000000e+00,0.000000000000000000e+00,0.000000000000000000e+00,0.000000000000000000e+00,0.000000000000000000e+00,0.000000000000000000e+00,0.000000000000000000e+00,0.000000000000000000e+00,0.000000000000000000e+00,0.000000000000000000e+00,-1.031000123802050013e+02,8.000000000511799954e+02,1.600000000102359991e+03,3.200000000204719981e+03,6.400000000409439963e+03,1.280000000081887993e+04,5.200000000332670425e+03,9.600000000200736395e+03,9.600000000052368705e+03,9.600000000043488399e+03,9.599100000614160308e+03
0.000000000000000000e+00,0.000000000000000000e+00,0.000000000000000000e+00,0.000000000000000000e+00,0.000000000000000000e+00,0.000000000000000000e+00,0.000000000000000000e+00,0.000000000000000000e+00,0.000000000000000000e+00,0.000000000000000000e+00,0.000000000000000000e+00,0.000000000000000000e+00,0.000000000000000000e+00,0.000000000000000000e+00,0.000000000000000000e+00,0.000000000000000000e+00,0.000000000000000000e+00,0.000000000000000000e+00,0.000000000000000000e+00,0.000000000000000000e+00,0.000000000000000000e+00,0.000000000000000000e+00,1.937999752651799952e+02,3.200000000204719981e+03,6.400000000409439963e+03,1.280000000081887993e+04,2.560000000163775985e+04,1.040000000066534085e+04,1.920000000040147279e+04,1.920000000010473741e+04,1.920000000008697680e+04,1.919820000122832062e+04
0.000000000000000000e+00,0.000000000000000000e+00,0.000000000000000000e+00,0.000000000000000000e+00,0.000000000000000000e+00,0.000000000000000000e+00,0.000000000000000000e+00,0.000000000000000000e+00,0.000000000000000000e+00,0.000000000000000000e+00,0.000000000000000000e+00,0.000000000000000000e+00,0.000000000000000000e+00,0.000000000000000000e+00,0.000000000000000000e+00,0.000000000000000000e+00,0.000000000000000000e+00,0.000000000000000000e+00,0.000000000000000000e+00,0.000000000000000000e+00,0.000000000000000000e+00,0.000000000000000000e+00,0.000000000000000000e+00,1.987599950632720038e+03,1.280000000081887993e+04,2.560000000163775985e+04,5.120000000327551970e+04,2.080000000133068170e+04,3.840000000080294558e+04,3.840000000020947482e+04,3.840000000017395359e+04,3.839640000245664123e+04
0.000000000000000000e+00,0.000000000000000000e+00,0.000000000000000000e+00,0.000000000000000000e+00,0.000000000000000000e+00,0.000000000000000000e+00,0.000000000000000000e+00,0.000000000000000000e+00,0.000000000000000000e+00,0.000000000000000000e+00,0.000000000000000000e+00,0.000000000000000000e+00,0.000000000000000000e+00,0.000000000000000000e+00,0.000000000000000000e+00,0.000000000000000000e+00,0.000000000000000000e+00,0.000000000000000000e+00,0.000000000000000000e+00,0.000000000000000000e+00,0.000000000000000000e+00,0.000000000000000000e+00,0.000000000000000000e+00,0.000000000000000000e+00,1.037519990167487958e+04,5.120000000327551970e+04,1.024000000065510394e+05,4.160000000266136340e+04,7.680000000160589116e+04,7.680000000041894964e+04,7.680000000034790719e+04,7.679280000491328246e+04
0.000000000000000000e+00,0.000000000000000000e+00,0.000000000000000000e+00,0.000000000000000000e+00,0.000000000000000000e+00,0.000000000000000000e+00,0.000000000000000000e+00,0.000000000000000000e+00,0.000000000000000000e+00,0.000000000000000000e+00,0.000000000000000000e+00,0.000000000000000000e+00,0.000000000000000000e+00,0.000000000000000000e+00,0.000000000000000000e+00,0.000000000000000000e+00,0.000000000000000000e+00,0.000000000000000000e+00,0.000000000000000000e+00,0.000000000000000000e+00,0.000000000000000000e+00,0.000000000000000000e+00,0.000000000000000000e+00,0.000000000000000000e+00,0.000000000000000000e+00,4.635039980498752266e+04,2.048000000131020788e+05,8.320000000532272679e+04,1.536000000032117823e+05,1.536000000008378993e+05,1.536000000006958144e+05,1.535856000098265649e+05
0.000000000000000000e+00,0.000000000000000000e+00,0.000000000000000000e+00,0.000000000000000000e+00,0.000000000000000000e+00,0.000000000000000000e+00,0.000000000000000000e+00,0.000000000000000000e+00,0.000000000000000000e+00,0.000000000000000000e+00,0.000000000000000000e+00,0.000000000000000000e+00,0.000000000000000000e+00,0.000000000000000000e+00,0.000000000000000000e+00,0.000000000000000000e+00,0.000000000000000000e+00,0.000000000000000000e+00,0.000000000000000000e+00,0.000000000000000000e+00,0.000000000000000000e+00,0.000000000000000000e+00,0.000000000000000000e+00,0.000000000000000000e+00,0.000000000000000000e+00,0.000000000000000000e+00,1.951007996165260847e+05,1.664000000106454536e+05,3.072000000064235646e+05,3.072000000016757986e+05,3.072000000013916288e+05,3.071712000196531299e+05
0.000000000000000000e+00,0.000000000000000000e+00,0.000000000000000000e+00,0.000000000000000000e+00,0.000000000000000000e+00,0.000000000000000000e+00,0.000000000000000000e+00,0.000000000000000000e+00,0.000000000000000000e+00,0.000000000000000000e+00,0.000000000000000000e+00,0.000000000000000000e+00,0.000000000000000000e+00,0.000000000000000000e+00,0.000000000000000000e+00,0.000000000000000000e+00,0.000000000000000000e+00,0.000000000000000000e+00,0.000000000000000000e+00,0.000000000000000000e+00,0.000000000000000000e+00,0.000000000000000000e+00,0.000000000000000000e+00,0.000000000000000000e+00,0.000000000000000000e+00,0.000000000000000000e+00,0.000000000000000000e+00,2.985969984105335607e+04,1.248000000026095659e+05,1.248000000006807823e+05,1.248000000005653419e+05,1.247883000079840858e+05
0.000000000000000000e+00,0.000000000000000000e+00,0.000000000000000000e+00,0.000000000000000000e+00,0.000000000000000000e+00,0.000000000000000000e+00,0.000000000000000000e+00,0.000000000000000000e+00,0.000000000000000000e+00,0.000000000000000000e+00,0.000000000000000000e+00,0.000000000000000000e+00,0.000000000000000000e+00,0.000000000000000000e+00,0.000000000000000000e+00,0.000000000000000000e+00,0.000000000000000000e+00,0.000000000000000000e+00,0.000000000000000000e+00,0.000000000000000000e+00,0.000000000000000000e+00,0.000000000000000000e+00,0.000000000000000000e+00,0.000000000000000000e+00,0.000000000000000000e+00,0.000000000000000000e+00,0.000000000000000000e+00,0.000000000000000000e+00,1.076339989760067838e+05,2.305800000019330473e+05,2.305800000023397151e+05,2.305800000048176735e+05
0.000000000000000000e+00,0.000000000000000000e+00,0.000000000000000000e+00,0.000000000000000000e+00,0.000000000000000000e+00,0.000000000000000000e+00,0.000000000000000000e+00,0.000000000000000000e+00,0.000000000000000000e+00,0.000000000000000000e+00,0.000000000000000000e+00,0.000000000000000000e+00,0.000000000000000000e+00,0.000000000000000000e+00,0.000000000000000000e+00,0.000000000000000000e+00,0.000000000000000000e+00,0.000000000000000000e+00,0.000000000000000000e+00,0.000000000000000000e+00,0.000000000000000000e+00,0.000000000000000000e+00,0.000000000000000000e+00,0.000000000000000000e+00,0.000000000000000000e+00,0.000000000000000000e+00,0.000000000000000000e+00,0.000000000000000000e+00,0.000000000000000000e+00,1.076339998630421760e+05,2.305800000017671555e+05,2.305800000012568198e+05
0.000000000000000000e+00,0.000000000000000000e+00,0.000000000000000000e+00,0.000000000000000000e+00,0.000000000000000000e+00,0.000000000000000000e+00,0.000000000000000000e+00,0.000000000000000000e+00,0.000000000000000000e+00,0.000000000000000000e+00,0.000000000000000000e+00,0.000000000000000000e+00,0.000000000000000000e+00,0.000000000000000000e+00,0.000000000000000000e+00,0.000000000000000000e+00,0.000000000000000000e+00,0.000000000000000000e+00,0.000000000000000000e+00,0.000000000000000000e+00,0.000000000000000000e+00,0.000000000000000000e+00,0.000000000000000000e+00,0.000000000000000000e+00,0.000000000000000000e+00,0.000000000000000000e+00,0.000000000000000000e+00,0.000000000000000000e+00,0.000000000000000000e+00,0.000000000000000000e+00,1.076339993197653093e+05,2.305800000010437216e+05
0.000000000000000000e+00,0.000000000000000000e+00,0.000000000000000000e+00,0.000000000000000000e+00,0.000000000000000000e+00,0.000000000000000000e+00,0.000000000000000000e+00,0.000000000000000000e+00,0.000000000000000000e+00,0.000000000000000000e+00,0.000000000000000000e+00,0.000000000000000000e+00,0.000000000000000000e+00,0.000000000000000000e+00,0.000000000000000000e+00,0.000000000000000000e+00,0.000000000000000000e+00,0.000000000000000000e+00,0.000000000000000000e+00,0.000000000000000000e+00,0.000000000000000000e+00,0.000000000000000000e+00,0.000000000000000000e+00,0.000000000000000000e+00,0.000000000000000000e+00,0.000000000000000000e+00,0.000000000000000000e+00,0.000000000000000000e+00,0.000000000000000000e+00,0.000000000000000000e+00,0.000000000000000000e+00,1.076339997099379252e+05
