-3.019910004316051709e+04,8.000000000859359943e+02,1.600000000171871989e+03,3.200000000343743977e+03,6.400000000687487955e+03,1.280000000137497591e+04,5.200000000558584361e+03,4.000000000033559786e+02,8.000000000067119572e+02,1.600000000013423914e+03,3.200000000026847829e+03,6.400000000053695658e+03,1.280000000010739132e+04,5.200000000043627551e+03,4.000000000040619739e+02,8.000000000081239477e+02,1.600000000016247895e+03,3.200000000032495791e+03,6.400000000064991582e+03,1.280000000012998316e+04,5.200000000052806172e+03,4.000000000083639975e+02,8.000000000167279950e+02,1.600000000033455990e+03,3.200000000066911980e+03,6.400000000133823960e+03,1.280000000026764792e+04,5.200000000108731911e+03,-8.999989687680000072e-01,8.054400000000000972e-08,9.748799999999999257e-08,2.007359999999999785e-07
0.000000000000000000e+00,-5.999820008627806237e+04,3.200000000343743977e+03,6.400000000687487955e+03,1.280000000137497591e+04,2.560000000274995182e+04,1.040000000111716872e+04,8.000000000067119572e+02,1.600000000013423914e+03,3.200000000026847829e+03,6.400000000053695658e+03,1.280000000010739132e+04,2.560000000021478263e+04,1.040000000008725510e+04,8.000000000081239477e+02,1.600000000016247895e+03,3.200000000032495791e+03,6.400000000064991582e+03,1.280000000012998316e+04,2.560000000025996633e+04,1.040000000010561234e+04,8.000000000167279950e+02,1.600000000033455990e+03,3.200000000066911980e+03,6.400000000133823960e+03,1.280000000026764792e+04,2.560000000053529584e+04,1.040000000021746382e+04,-1.799997937536000014e+00,1.610880000000000194e-07,1.949759999999999851e-07,4.014719999999999570e-07
0.000000000000000000e+00,0.000000000000000000e+00,-1.183964001723842521e+05,1.280000000137497591e+04,2.560000000274995182e+04,5.120000000549990364e+04,2.080000000223433744e+04,1.600000000013423914e+03,3.200000000026847829e+03,6.400000000053695658e+03,1.280000000010739132e+04,2.560000000021478263e+04,5.120000000042956526e+04,2.080000000017451021e+04,1.600000000016247895e+03,3.200000000032495791e+03,6.400000000064991582e+03,1.280000000012998316e+04,2.560000000025996633e+04,5.120000000051993266e+04,2.080000000021122469e+04,1.600000000033455990e+03,3.200000000066911980e+03,6.400000000133823960e+03,1.280000000026764792e+04,2.560000000053529584e+04,5.120000000107059168e+04,2.080000000043492764e+04,-3.599995875072000029e+00,3.221760000000000389e-07,3.899519999999999703e-07,8.029439999999999139e-07
0.000000000000000000e+00,0.000000000000000000e+00,0.000000000000000000e+00,-2.303928003440810135e+05,5.120000000549990364e+04,1.024000000109998073e+05,4.160000000446867489e+04,3.200000000026847829e+03,6.400000000053695658e+03,1.280000000010739132e+04,2.560000000021478263e+04,5.120000000042956526e+04,1.024000000008591305e+05,4.160000000034902041e+04,3.200000000032495791e+03,6.400000000064991582e+03,1.280000000012998316e+04,2.560000000025996633e+04,5.120000000051993266e+04,1.024000000010398653e+05,4.160000000042244938e+04,3.200000000066911980e+03,6.400000000133823960e+03,1.280000000026764792e+04,2.560000000053529584e+04,5.120000000107059168e+04,1.024000000021411834e+05,4.160000000086985528e+04,-7.199991750144000058e+00,6.443520000000000778e-07,7.799039999999999406e-07,1.605887999999999828e-06
0.000000000000000000e+00,0.000000000000000000e+00,0.000000000000000000e+00,0.000000000000000000e+00,-4.351856006854121224e+05,2.048000000219996145e+05,8.320000000893734978e+04,6.400000000053695658e+03,1.280000000010739132e+04,2.560000000021478263e+04,5.120000000042956526e+04,1.024000000008591305e+05,2.048000000017182610e+05,8.320000000069804082e+04,6.400000000064991582e+03,1.280000000012998316e+04,2.560000000025996633e+04,5.120000000051993266e+04,1.024000000010398653e+05,2.048000000020797306e+05,8.320000000084489875e+04,6.400000000133823960e+03,1.280000000026764792e+04,2.560000000053529584e+04,5.120000000107059168e+04,1.024000000021411834e+05,2.048000000042823667e+05,8.320000000173971057e+04,-1.439998350028800012e+01,1.288704000000000156e-06,1.559807999999999881e-06,3.211775999999999656e-06
0.000000000000000000e+00,0.000000000000000000e+00,0.000000000000000000e+00,0.000000000000000000e+00,0.000000000000000000e+00,-7.679712013598243939e+05,1.664000000178746996e+05,1.280000000010739132e+04,2.560000000021478263e+04,5.120000000042956526e+04,1.024000000008591305e+05,2.048000000017182610e+05,4.096000000034365221e+05,1.664000000013960816e+05,1.280000000012998316e+04,2.560000000025996633e+04,5.120000000051993266e+04,1.024000000010398653e+05,2.048000000020797306e+05,4.096000000041594612e+05,1.664000000016897975e+05,1.280000000026764792e+04,2.560000000053529584e+04,5.120000000107059168e+04,1.024000000021411834e+05,2.048000000042823667e+05,4.096000000085647334e+05,1.664000000034794211e+05,-2.879996700057600023e+01,2.577408000000000311e-06,3.119615999999999762e-06,6.423551999999999311e-06
0.000000000000000000e+00,0.000000000000000000e+00,0.000000000000000000e+00,0.000000000000000000e+00,0.000000000000000000e+00,0.000000000000000000e+00,-3.613883005577352014e+05,5.200000000043627551e+03,1.040000000008725510e+04,2.080000000017451021e+04,4.160000000034902041e+04,8.320000000069804082e+04,1.664000000013960816e+05,6.760000000056716090e+04,5.200000000052806172e+03,1.040000000010561234e+04,2.080000000021122469e+04,4.160000000042244938e+04,8.320000000084489875e+04,1.664000000016897975e+05,6.760000000068647205e+04,5.200000000108731911e+03,1.040000000021746382e+04,2.080000000043492764e+04,4.160000000086985528e+04,8.320000000173971057e+04,1.664000000034794211e+05,6.760000000141351484e+04,-1.169998659398400065e+01,1.047072000000000179e-06,1.267344000000000075e-06,2.609567999999999932e-06
0.000000000000000000e+00,0.000000000000000000e+00,0.000000000000000000e+00,0.000000000000000000e+00,0.000000000000000000e+00,0.000000000000000000e+00,0.000000000000000000e+00,-3.019910000592164943e+04,8.000000000374039928e+02,1.600000000074807986e+03,3.200000000149615971e+03,6.400000000299231942e+03,1.280000000059846388e+04,5.200000000243126124e+03,4.000000000030680098e+02,8.000000000061360197e+02,1.600000000012272039e+03,3.200000000024544079e+03,6.400000000049088158e+03,1.280000000009817632e+04,5.200000000039884071e+03,4.000000000021819915e+02,8.000000000043639830e+02,1.600000000008727966e+03,3.200000000017455932e+03,6.400000000034911864e+03,1.280000000006982373e+04,5.200000000028366230e+03,8.054400000000000972e-08,-8.999995511520000324e-01,7.363199999999999389e-08,5.236799999999999618e-08
0.000000000000000000e+00,0.000000000000000000e+00,0.000000000000000000e+00,0.000000000000000000e+00,0.000000000000000000e+00,0.000000000000000000e+00,0.000000000000000000e+00,0.000000000000000000e+00,-5.999820001182459237e+04,3.200000000149615971e+03,6.400000000299231942e+03,1.280000000059846388e+04,2.560000000119692777e+04,1.040000000048625225e+04,8.000000000061360197e+02,1.600000000012272039e+03,3.200000000024544079e+03,6.400000000049088158e+03,1.280000000009817632e+04,2.560000000019635263e+04,1.040000000007976814e+04,8.000000000043639830e+02,1.600000000008727966e+03,3.200000000017455932e+03,6.400000000034911864e+03,1.280000000006982373e+04,2.560000000013964745e+04,1.040000000005673246e+04,1.610880000000000194e-07,-1.799999102304000065e+00,1.472639999999999878e-07,1.047359999999999924e-07
0.000000000000000000e+00,0.000000000000000000e+00,0.000000000000000000e+00,0.000000000000000000e+00,0.000000000000000000e+00,0.000000000000000000e+00,0.000000000000000000e+00,0.000000000000000000e+00,0.000000000000000000e+00,-1.183964000235743879e+05,1.280000000059846388e+04,2.560000000119692777e+04,5.120000000239385554e+04,2.080000000097250449e+04,1.600000000012272039e+03,3.200000000024544079e+03,6.400000000049088158e+03,1.280000000009817632e+04,2.560000000019635263e+04,5.120000000039270526e+04,2.080000000015953628e+04,1.600000000008727966e+03,3.200000000017455932e+03,6.400000000034911864e+03,1.280000000006982373e+04,2.560000000013964745e+04,5.120000000027929491e+04,2.080000000011346492e+04,3.221760000000000389e-07,-3.599998204608000130e+00,2.945279999999999755e-07,2.094719999999999847e-07
0.000000000000000000e+00,0.000000000000000000e+00,0.000000000000000000e+00,0.000000000000000000e+00,0.000000000000000000e+00,0.000000000000000000e+00,0.000000000000000000e+00,0.000000000000000000e+00,0.000000000000000000e+00,0.000000000000000000e+00,-2.303928000468495302e+05,5.120000000239385554e+04,1.024000000047877111e+05,4.160000000194500899e+04,3.200000000024544079e+03,6.400000000049088158e+03,1.280000000009817632e+04,2.560000000019635263e+04,5.120000000039270526e+04,1.024000000007854105e+05,4.160000000031907257e+04,3.200000000017455932e+03,6.400000000034911864e+03,1.280000000006982373e+04,2.560000000013964745e+04,5.120000000027929491e+04,1.024000000005585898e+05,4.160000000022692984e+04,6.443520000000000778e-07,-7.199996409216000259e+00,5.890559999999999511e-07,4.189439999999999694e-07
0.000000000000000000e+00,0.000000000000000000e+00,0.000000000000000000e+00,0.000000000000000000e+00,0.000000000000000000e+00,0.000000000000000000e+00,0.000000000000000000e+00,0.000000000000000000e+00,0.000000000000000000e+00,0.000000000000000000e+00,0.000000000000000000e+00,-4.351856000925021362e+05,2.048000000095754222e+05,8.320000000389001798e+04,6.400000000049088158e+03,1.280000000009817632e+04,2.560000000019635263e+04,5.120000000039270526e+04,1.024000000007854105e+05,2.048000000015708210e+05,8.320000000063814514e+04,6.400000000034911864e+03,1.280000000006982373e+04,2.560000000013964745e+04,5.120000000027929491e+04,1.024000000005585898e+05,2.048000000011171796e+05,8.320000000045385968e+04,1.288704000000000156e-06,-1.439999281843200052e+01,1.178111999999999902e-06,8.378879999999999388e-07
0.000000000000000000e+00,0.000000000000000000e+00,0.000000000000000000e+00,0.000000000000000000e+00,0.000000000000000000e+00,0.000000000000000000e+00,0.000000000000000000e+00,0.000000000000000000e+00,0.000000000000000000e+00,0.000000000000000000e+00,0.000000000000000000e+00,0.000000000000000000e+00,-7.679712001802165760e+05,1.664000000077800360e+05,1.280000000009817632e+04,2.560000000019635263e+04,5.120000000039270526e+04,1.024000000007854105e+05,2.048000000015708210e+05,4.096000000031416421e+05,1.664000000012762903e+05,1.280000000006982373e+04,2.560000000013964745e+04,5.120000000027929491e+04,1.024000000005585898e+05,2.048000000011171796e+05,4.096000000022343593e+05,1.664000000009077194e+05,2.577408000000000311e-06,-2.879998563686400104e+01,2.356223999999999804e-06,1.675775999999999878e-06
0.000000000000000000e+00,0.000000000000000000e+00,0.000000000000000000e+00,0.000000000000000000e+00,0.000000000000000000e+00,0.000000000000000000e+00,0.000000000000000000e+00,0.000000000000000000e+00,0.000000000000000000e+00,0.000000000000000000e+00,0.000000000000000000e+00,0.000000000000000000e+00,0.000000000000000000e+00,-3.613883000755226822e+05,5.200000000039884071e+03,1.040000000007976814e+04,2.080000000015953628e+04,4.160000000031907257e+04,8.320000000063814514e+04,1.664000000012762903e+05,6.760000000051848474e+04,5.200000000028366230e+03,1.040000000005673246e+04,2.080000000011346492e+04,4.160000000022692984e+04,8.320000000045385968e+04,1.664000000009077194e+05,6.760000000036876008e+04,1.047072000000000179e-06,-1.169999416497600109e+01,9.572159999999999337e-07,6.807839999999999900e-07
0.000000000000000000e+00,0.000000000000000000e+00,0.000000000000000000e+00,0.000000000000000000e+00,0.000000000000000000e+00,0.000000000000000000e+00,0.000000000000000000e+00,0.000000000000000000e+00,0.000000000000000000e+00,0.000000000000000000e+00,0.000000000000000000e+00,0.000000000000000000e+00,0.000000000000000000e+00,0.000000000000000000e+00,-3.019910002855671337e+04,8.000000000371479700e+02,1.600000000074295940e+03,3.200000000148591880e+03,6.400000000297183760e+03,1.280000000059436752e+04,5.200000000241461748e+03,4.000000000018119977e+02,8.000000000036239953e+02,1.600000000007247991e+03,3.200000000014495981e+03,6.400000000028991963e+03,1.280000000005798393e+04,5.200000000023555913e+03,9.748799999999999257e-08,7.363199999999999389e-08,-8.999995542240000201e-01,4.348799999999999872e-08
0.000000000000000000e+00,0.000000000000000000e+00,0.000000000000000000e+00,0.000000000000000000e+00,0.000000000000000000e+00,0.000000000000000000e+00,0.000000000000000000e+00,0.000000000000000000e+00,0.000000000000000000e+00,0.000000000000000000e+00,0.000000000000000000e+00,0.000000000000000000e+00,0.000000000000000000e+00,0.000000000000000000e+00,0.000000000000000000e+00,-5.999820005709485122e+04,3.200000000148591880e+03,6.400000000297183760e+03,1.280000000059436752e+04,2.560000000118873504e+04,1.040000000048292350e+04,8.000000000036239953e+02,1.600000000007247991e+03,3.200000000014495981e+03,6.400000000028991963e+03,1.280000000005798393e+04,2.560000000011596785e+04,1.040000000004711183e+04,1.949759999999999851e-07,1.472639999999999878e-07,-1.799999108448000040e+00,8.697599999999999744e-08
0.000000000000000000e+00,0.000000000000000000e+00,0.000000000000000000e+00,0.000000000000000000e+00,0.000000000000000000e+00,0.000000000000000000e+00,0.000000000000000000e+00,0.000000000000000000e+00,0.000000000000000000e+00,0.000000000000000000e+00,0.000000000000000000e+00,0.000000000000000000e+00,0.000000000000000000e+00,0.000000000000000000e+00,0.000000000000000000e+00,0.000000000000000000e+00,-1.183964001141154149e+05,1.280000000059436752e+04,2.560000000118873504e+04,5.120000000237747008e+04,2.080000000096584699e+04,1.600000000007247991e+03,3.200000000014495981e+03,6.400000000028991963e+03,1.280000000005798393e+04,2.560000000011596785e+04,5.120000000023193570e+04,2.080000000009422365e+04,3.899519999999999703e-07,2.945279999999999755e-07,-3.599998216896000081e+00,1.739519999999999949e-07
0.000000000000000000e+00,0.000000000000000000e+00,0.000000000000000000e+00,0.000000000000000000e+00,0.000000000000000000e+00,0.000000000000000000e+00,0.000000000000000000e+00,0.000000000000000000e+00,0.000000000000000000e+00,0.000000000000000000e+00,0.000000000000000000e+00,0.000000000000000000e+00,0.000000000000000000e+00,0.000000000000000000e+00,0.000000000000000000e+00,0.000000000000000000e+00,0.000000000000000000e+00,-2.303928002279336215e+05,5.120000000237747008e+04,1.024000000047549402e+05,4.160000000193169399e+04,3.200000000014495981e+03,6.400000000028991963e+03,1.280000000005798393e+04,2.560000000011596785e+04,5.120000000023193570e+04,1.024000000004638714e+05,4.160000000018844730e+04,7.799039999999999406e-07,5.890559999999999511e-07,-7.199996433792000161e+00,3.479039999999999897e-07
0.000000000000000000e+00,0.000000000000000000e+00,0.000000000000000000e+00,0.000000000000000000e+00,0.000000000000000000e+00,0.000000000000000000e+00,0.000000000000000000e+00,0.000000000000000000e+00,0.000000000000000000e+00,0.000000000000000000e+00,0.000000000000000000e+00,0.000000000000000000e+00,0.000000000000000000e+00,0.000000000000000000e+00,0.000000000000000000e+00,0.000000000000000000e+00,0.000000000000000000e+00,0.000000000000000000e+00,-4.351856004546785261e+05,2.048000000095098803e+05,8.320000000386338797e+04,6.400000000028991963e+03,1.280000000005798393e+04,2.560000000011596785e+04,5.120000000023193570e+04,1.024000000004638714e+05,2.048000000009277428e+05,8.320000000037689460e+04,1.559807999999999881e-06,1.178111999999999902e-06,-1.439999286758400032e+01,6.958079999999999795e-07
0.000000000000000000e+00,0.000000000000000000e+00,0.000000000000000000e+00,0.000000000000000000e+00,0.000000000000000000e+00,0.000000000000000000e+00,0.000000000000000000e+00,0.000000000000000000e+00,0.000000000000000000e+00,0.000000000000000000e+00,0.000000000000000000e+00,0.000000000000000000e+00,0.000000000000000000e+00,0.000000000000000000e+00,0.000000000000000000e+00,0.000000000000000000e+00,0.000000000000000000e+00,0.000000000000000000e+00,0.000000000000000000e+00,-7.679712009046020685e+05,1.664000000077267759e+05,1.280000000005798393e+04,2.560000000011596785e+04,5.120000000023193570e+04,1.024000000004638714e+05,2.048000000009277428e+05,4.096000000018554856e+05,1.664000000007537892e+05,3.119615999999999762e-06,2.356223999999999804e-06,-2.879998573516800064e+01,1.391615999999999959e-06
0.000000000000000000e+00,0.000000000000000000e+00,0.000000000000000000e+00,0.000000000000000000e+00,0.000000000000000000e+00,0.000000000000000000e+00,0.000000000000000000e+00,0.000000000000000000e+00,0.000000000000000000e+00,0.000000000000000000e+00,0.000000000000000000e+00,0.000000000000000000e+00,0.000000000000000000e+00,0.000000000000000000e+00,0.000000000000000000e+00,0.000000000000000000e+00,0.000000000000000000e+00,0.000000000000000000e+00,0.000000000000000000e+00,0.000000000000000000e+00,-3.613883003697884851e+05,5.200000000023555913e+03,1.040000000004711183e+04,2.080000000009422365e+04,4.160000000018844730e+04,8.320000000037689460e+04,1.664000000007537892e+05,6.760000000030623050e+04,1.267344000000000075e-06,9.572159999999999337e-07,-1.169999420491200048e+01,5.653440000000000627e-07
0.000000000000000000e+00,0.000000000000000000e+00,0.000000000000000000e+00,0.000000000000000000e+00,0.000000000000000000e+00,0.000000000000000000e+00,0.000000000000000000e+00,0.000000000000000000e+00,0.000000000000000000e+00,0.000000000000000000e+00,0.000000000000000000e+00,0.000000000000000000e+00,0.000000000000000000e+00,0.000000000000000000e+00,0.000000000000000000e+00,0.000000000000000000e+00,0.000000000000000000e+00,0.000000000000000000e+00,0.000000000000000000e+00,0.000000000000000000e+00,0.000000000000000000e+00,-3.019910001238020413e+04,8.000000000511799954e+02,1.600000000102359991e+03,3.200000000204719981e+03,6.400000000409439963e+03,1.280000000081887993e+04,5.200000000332670425e+03,2.007359999999999785e-07,5.236799999999999618e-08,4.348799999999999872e-08,-8.999993858400000546e-01
0.000000000000000000e+00,0.000000000000000000e+00,0.000000000000000000e+00,0.000000000000000000e+00,0.000000000000000000e+00,0.000000000000000000e+00,0.000000000000000000e+00,0.000000000000000000e+00,0.000000000000000000e+00,0.000000000000000000e+00,0.000000000000000000e+00,0.000000000000000000e+00,0.000000000000000000e+00,0.000000000000000000e+00,0.000000000000000000e+00,0.000000000000000000e+00,0.000000000000000000e+00,0.000000000000000000e+00,0.000000000000000000e+00,0.000000000000000000e+00,0.000000000000000000e+00,0.000000000000000000e+00,-5.999820002473481873e+04,3.200000000204719981e+03,6.400000000409439963e+03,1.280000000081887993e+04,2.560000000163775985e+04,1.040000000066534085e+04,4.014719999999999570e-07,1.047359999999999924e-07,8.697599999999999744e-08,-1.799998771680000109e+00
0.000000000000000000e+00,0.000000000000000000e+00,0.000000000000000000e+00,0.000000000000000000e+00,0.000000000000000000e+00,0.000000000000000000e+00,0.000000000000000000e+00,0.000000000000000000e+00,0.000000000000000000e+00,0.000000000000000000e+00,0.000000000000000000e+00,0.000000000000000000e+00,0.000000000000000000e+00,0.000000000000000000e+00,0.000000000000000000e+00,0.000000000000000000e+00,0.000000000000000000e+00,0.000000000000000000e+00,0.000000000000000000e+00,0.000000000000000000e+00,0.000000000000000000e+00,0.000000000000000000e+00,0.000000000000000000e+00,-1.183964000493672793e+05,1.280000000081887993e+04,2.560000000163775985e+04,5.120000000327551970e+04,2.080000000133068170e+04,8.029439999999999139e-07,2.094719999999999847e-07,1.739519999999999949e-07,-3.599997543360000218e+00
0.000000000000000000e+00,0.000000000000000000e+00,0.000000000000000000e+00,0.000000000000000000e+00,0.000000000000000000e+00,0.000000000000000000e+00,0.000000000000000000e+00,0.000000000000000000e+00,0.000000000000000000e+00,0.000000000000000000e+00,0.000000000000000000e+00,0.000000000000000000e+00,0.000000000000000000e+00,0.000000000000000000e+00,0.000000000000000000e+00,0.000000000000000000e+00,0.000000000000000000e+00,0.000000000000000000e+00,0.000000000000000000e+00,0.000000000000000000e+00,0.000000000000000000e+00,0.000000000000000000e+00,0.000000000000000000e+00,0.000000000000000000e+00,-2.303928000983251259e+05,5.120000000327551970e+04,1.024000000065510394e+05,4.160000000266136340e+04,1.605887999999999828e-06,4.189439999999999694e-07,3.479039999999999897e-07,-7.199995086720000437e+00
0.000000000000000000e+00,0.000000000000000000e+00,0.000000000000000000e+00,0.000000000000000000e+00,0.000000000000000000e+00,0.000000000000000000e+00,0.000000000000000000e+00,0.000000000000000000e+00,0.000000000000000000e+00,0.000000000000000000e+00,0.000000000000000000e+00,0.000000000000000000e+00,0.000000000000000000e+00,0.000000000000000000e+00,0.000000000000000000e+00,0.000000000000000000e+00,0.000000000000000000e+00,0.000000000000000000e+00,0.000000000000000000e+00,0.000000000000000000e+00,0.000000000000000000e+00,0.000000000000000000e+00,0.000000000000000000e+00,0.000000000000000000e+00,0.000000000000000000e+00,-4.351856001950124628e+05,2.048000000131020788e+05,8.320000000532272679e+04,3.211775999999999656e-06,8.378879999999999388e-07,6.958079999999999795e-07,-1.439999017344000087e+01
0.000000000000000000e+00,0.000000000000000000e+00,0.000000000000000000e+00,0.000000000000000000e+00,0.000000000000000000e+00,0.000000000000000000e+00,0.000000000000000000e+00,0.000000000000000000e+00,0.000000000000000000e+00,0.000000000000000000e+00,0.000000000000000000e+00,0.000000000000000000e+00,0.000000000000000000e+00,0.000000000000000000e+00,0.000000000000000000e+00,0.000000000000000000e+00,0.000000000000000000e+00,0.000000000000000000e+00,0.000000000000000000e+00,0.000000000000000000e+00,0.000000000000000000e+00,0.000000000000000000e+00,0.000000000000000000e+00,0.000000000000000000e+00,0.000000000000000000e+00,0.000000000000000000e+00,-7.679712003834738862e+05,1.664000000106454536e+05,6.423551999999999311e-06,1.675775999999999878e-06,1.391615999999999959e-06,-2.879998034688000175e+01
0.000000000000000000e+00,0.000000000000000000e+00,0.000000000000000000e+00,0.000000000000000000e+00,0.000000000000000000e+00,0.000000000000000000e+00,0.000000000000000000e+00,0.000000000000000000e+00,0.000000000000000000e+00,0.000000000000000000e+00,0.000000000000000000e+00,0.000000000000000000e+00,0.000000000000000000e+00,0.000000000000000000e+00,0.000000000000000000e+00,0.000000000000000000e+00,0.000000000000000000e+00,0.000000000000000000e+00,0.000000000000000000e+00,0.000000000000000000e+00,0.000000000000000000e+00,0.000000000000000000e+00,0.000000000000000000e+00,0.000000000000000000e+00,0.000000000000000000e+00,0.000000000000000000e+00,0.000000000000000000e+00,-3.613883001589466585e+05,2.609567999999999932e-06,6.807839999999999900e-07,5.653440000000000627e-07,-1.169999201592000126e+01
0.000000000000000000e+00,0.000000000000000000e+00,0.000000000000000000e+00,0.000000000000000000e+00,0.000000000000000000e+00,0.000000000000000000e+00,0.000000000000000000e+00,0.000000000000000000e+00,0.000000000000000000e+00,0.000000000000000000e+00,0.000000000000000000e+00,0.000000000000000000e+00,0.000000000000000000e+00,0.000000000000000000e+00,0.000000000000000000e+00,0.000000000000000000e+00,0.000000000000000000e+00,0.000000000000000000e+00,0.000000000000000000e+00,0.000000000000000000e+00,0.000000000000000000e+00,0.000000000000000000e+00,0.000000000000000000e+00,0.000000000000000000e+00,0.000000000000000000e+00,0.000000000000000000e+00,0.000000000000000000e+00,0.000000000000000000e+00,-2.700010239932159948e+02,1.800000019330560121e+02,1.800000023397120117e+02,1.800000048176640064e+02
0.000000000000000000e+00,0.000000000000000000e+00,0.000000000000000000e+00,0.000000000000000000e+00,0.000000000000000000e+00,0.000000000000000000e+00,0.000000000000000000e+00,0.000000000000000000e+00,0.000000000000000000e+00,0.000000000000000000e+00,0.000000000000000000e+00,0.000000000000000000e+00,0.000000000000000000e+00,0.000000000000000000e+00,0.000000000000000000e+00,0.000000000000000000e+00,0.000000000000000000e+00,0.000000000000000000e+00,0.000000000000000000e+00,0.000000000000000000e+00,0.000000000000000000e+00,0.000000000000000000e+00,0.000000000000000000e+00,0.000000000000000000e+00,0.000000000000000000e+00,0.000000000000000000e+00,0.000000000000000000e+00,0.000000000000000000e+00,0.000000000000000000e+00,-2.700001369578239974e+02,1.800000017671679871e+02,1.800000012568320074e+02
0.000000000000000000e+00,0.000000000000000000e+00,0.000000000000000000e+00,0.000000000000000000e+00,0.000000000000000000e+00,0.000000000000000000e+00,0.000000000000000000e+00,0.000000000000000000e+00,0.000000000000000000e+00,0.000000000000000000e+00,0.000000000000000000e+00,0.000000000000000000e+00,0.000000000000000000e+00,0.000000000000000000e+00,0.000000000000000000e+00,0.000000000000000000e+00,0.000000000000000000e+00,0.000000000000000000e+00,0.000000000000000000e+00,0.000000000000000000e+00,0.000000000000000000e+00,0.000000000000000000e+00,0.000000000000000000e+00,0.000000000000000000e+00,0.000000000000000000e+00,0.000000000000000000e+00,0.000000000000000000e+00,0.000000000000000000e+00,0.000000000000000000e+00,0.000000000000000000e+00,-2.700006802346879908e+02,1.800000010437119897e+02
0.000000000000000000e+00,0.000000000000000000e+00,0.000000000000000000e+00,0.000000000000000000e+00,0.000000000000000000e+00,0.000000000000000000e+00,0.000000000000000000e+00,0.000000000000000000e+00,0.000000000000000000e+00,0.000000000000000000e+00,0.000000000000000000e+00,0.000000000000000000e+00,0.000000000000000000e+00,0.000000000000000000e+00,0.000000000000000000e+00,0.000000000000000000e+00,0.000000000000000000e+00,0.000000000000000000e+00,0.000000000000000000e+00,0.000000000000000000e+00,0.000000000000000000e+00,0.000000000000000000e+00,0.000000000000000000e+00,0.000000000000000000e+00,0.000000000000000000e+00,0.000000000000000000e+00,0.000000000000000000e+00,0.000000000000000000e+00,0.000000000000000000e+00,0.000000000000000000e+00,0.000000000000000000e+00,-2.700002900620800119e+02
