3.029953953560000635e-01,1.200077342400000108e-02,2.400154684800000215e-02,4.800309369600000431e-02,9.600618739200000862e-02,1.920123747840000172e-01,7.800502725600001741e-02,6.000030203999999999e-03,1.200006040800000000e-02,2.400012081600000000e-02,4.800024163199999999e-02,9.600048326399999998e-02,1.920009665280000000e-01,7.800039265200001126e-02,6.000036557999999763e-03,1.200007311599999953e-02,2.400014623199999905e-02,4.800029246399999810e-02,9.600058492799999621e-02,1.920011698559999924e-01,7.800047525400001514e-02,6.000075276000000311e-03,1.200015055200000062e-02,2.400030110400000125e-02,4.800060220800000249e-02,9.600120441600000498e-02,1.920024088320000100e-01,7.800097858800000838e-02,-7.559907189119999815e-01,1.440007248959999930e-01,1.440008773919999874e-01,1.440018066240000005e-01
0.000000000000000000e+00,6.119911774239998881e-01,4.800309369600000431e-02,9.600618739200000862e-02,1.920123747840000172e-01,3.840247495680000345e-01,1.560100545120000348e-01,1.200006040800000000e-02,2.400012081600000000e-02,4.800024163199999999e-02,9.600048326399999998e-02,1.920009665280000000e-01,3.840019330559999999e-01,1.560007853040000225e-01,1.200007311599999953e-02,2.400014623199999905e-02,4.800029246399999810e-02,9.600058492799999621e-02,1.920011698559999924e-01,3.840023397119999848e-01,1.560009505080000303e-01,1.200015055200000062e-02,2.400030110400000125e-02,4.800060220800000249e-02,9.600120441600000498e-02,1.920024088320000100e-01,3.840048176640000199e-01,1.560019571760000168e-01,-1.511981437823999963e+00,2.880014497919999861e-01,2.880017547839999748e-01,2.880036132480000011e-01
0.000000000000000000e+00,0.000000000000000000e+00,1.247983901696000153e+00,1.920123747840000172e-01,3.840247495680000345e-01,7.680494991360000689e-01,3.120201090240000696e-01,2.400012081600000000e-02,4.800024163199999999e-02,9.600048326399999998e-02,1.920009665280000000e-01,3.840019330559999999e-01,7.680038661119999999e-01,3.120015706080000450e-01,2.400014623199999905e-02,4.800029246399999810e-02,9.600058492799999621e-02,1.920011698559999924e-01,3.840023397119999848e-01,7.680046794239999697e-01,3.120019010160000605e-01,2.400030110400000125e-02,4.800060220800000249e-02,9.600120441600000498e-02,1.920024088320000100e-01,3.840048176640000199e-01,7.680096353280000399e-01,3.120039143520000335e-01,-3.023962875647999926e+00,5.760028995839999721e-01,5.760035095679999495e-01,5.760072264960000021e-01
0.000000000000000000e+00,0.000000000000000000e+00,0.000000000000000000e+00,2.591973990784000037e+00,7.680494991360000689e-01,1.536098998272000138e+00,6.240402180480001393e-01,4.800024163199999999e-02,9.600048326399999998e-02,1.920009665280000000e-01,3.840019330559999999e-01,7.680038661119999999e-01,1.536007732224000000e+00,6.240031412160000901e-01,4.800029246399999810e-02,9.600058492799999621e-02,1.920011698559999924e-01,3.840023397119999848e-01,7.680046794239999697e-01,1.536009358847999939e+00,6.240038020320001211e-01,4.800060220800000249e-02,9.600120441600000498e-02,1.920024088320000100e-01,3.840048176640000199e-01,7.680096353280000399e-01,1.536019270656000080e+00,6.240078287040000671e-01,-6.047925751295999852e+00,1.152005799167999944e+00,1.152007019135999899e+00,1.152014452992000004e+00
0.000000000000000000e+00,0.000000000000000000e+00,0.000000000000000000e+00,0.000000000000000000e+00,5.567972731135998998e+00,3.072197996544000276e+00,1.248080436096000279e+00,9.600048326399999998e-02,1.920009665280000000e-01,3.840019330559999999e-01,7.680038661119999999e-01,1.536007732224000000e+00,3.072015464447999999e+00,1.248006282432000180e+00,9.600058492799999621e-02,1.920011698559999924e-01,3.840023397119999848e-01,7.680046794239999697e-01,1.536009358847999939e+00,3.072018717695999879e+00,1.248007604064000242e+00,9.600120441600000498e-02,1.920024088320000100e-01,3.840048176640000199e-01,7.680096353280000399e-01,1.536019270656000080e+00,3.072038541312000159e+00,1.248015657408000134e+00,-1.209585150259199970e+01,2.304011598335999889e+00,2.304014038271999798e+00,2.304028905984000009e+00
0.000000000000000000e+00,0.000000000000000000e+00,0.000000000000000000e+00,0.000000000000000000e+00,0.000000000000000000e+00,1.267204446054400080e+01,2.496160872192000557e+00,1.920009665280000000e-01,3.840019330559999999e-01,7.680038661119999999e-01,1.536007732224000000e+00,3.072015464447999999e+00,6.144030928895999999e+00,2.496012564864000360e+00,1.920011698559999924e-01,3.840023397119999848e-01,7.680046794239999697e-01,1.536009358847999939e+00,3.072018717695999879e+00,6.144037435391999757e+00,2.496015208128000484e+00,1.920024088320000100e-01,3.840048176640000199e-01,7.680096353280000399e-01,1.536019270656000080e+00,3.072038541312000159e+00,6.144077082624000319e+00,2.496031314816000268e+00,-2.419170300518399941e+01,4.608023196671999777e+00,4.608028076543999596e+00,4.608057811968000017e+00
0.000000000000000000e+00,0.000000000000000000e+00,0.000000000000000000e+00,0.000000000000000000e+00,0.000000000000000000e+00,0.000000000000000000e+00,4.406970303164000846e+00,7.800039265200001126e-02,1.560007853040000225e-01,3.120015706080000450e-01,6.240031412160000901e-01,1.248006282432000180e+00,2.496012564864000360e+00,1.014005104476000119e+00,7.800047525400001514e-02,1.560009505080000303e-01,3.120019010160000605e-01,6.240038020320001211e-01,1.248007604064000242e+00,2.496015208128000484e+00,1.014006178302000016e+00,7.800097858800000838e-02,1.560019571760000168e-01,3.120039143520000335e-01,6.240078287040000671e-01,1.248015657408000134e+00,2.496031314816000268e+00,1.014012721644000026e+00,-9.827879345856000981e+00,1.872009423647999826e+00,1.872011406095999808e+00,1.872023486111999979e+00
0.000000000000000000e+00,0.000000000000000000e+00,0.000000000000000000e+00,0.000000000000000000e+00,0.000000000000000000e+00,0.000000000000000000e+00,0.000000000000000000e+00,3.029994251590000243e-01,1.200033663599999953e-02,2.400067327199999906e-02,4.800134654399999812e-02,9.600269308799999624e-02,1.920053861759999925e-01,7.800218813400001949e-02,6.000027611999999948e-03,1.200005522399999990e-02,2.400011044799999979e-02,4.800022089599999958e-02,9.600044179199999916e-02,1.920008835839999983e-01,7.800035895600000713e-02,6.000019637999999718e-03,1.200003927599999944e-02,2.400007855199999887e-02,4.800015710399999774e-02,9.600031420799999549e-02,1.920006284159999910e-01,7.800025529400000934e-02,1.440007248959999930e-01,-7.559959603679999862e-01,1.440006626879999918e-01,1.440004713120000002e-01
0.000000000000000000e+00,0.000000000000000000e+00,0.000000000000000000e+00,0.000000000000000000e+00,0.000000000000000000e+00,0.000000000000000000e+00,0.000000000000000000e+00,0.000000000000000000e+00,6.119990186359998141e-01,4.800134654399999812e-02,9.600269308799999624e-02,1.920053861759999925e-01,3.840107723519999849e-01,1.560043762680000390e-01,1.200005522399999990e-02,2.400011044799999979e-02,4.800022089599999958e-02,9.600044179199999916e-02,1.920008835839999983e-01,3.840017671679999967e-01,1.560007179120000143e-01,1.200003927599999944e-02,2.400007855199999887e-02,4.800015710399999774e-02,9.600031420799999549e-02,1.920006284159999910e-01,3.840012568319999819e-01,1.560005105880000187e-01,2.880014497919999861e-01,-1.511991920735999972e+00,2.880013253759999836e-01,2.880009426240000003e-01
0.000000000000000000e+00,0.000000000000000000e+00,0.000000000000000000e+00,0.000000000000000000e+00,0.000000000000000000e+00,0.000000000000000000e+00,0.000000000000000000e+00,0.000000000000000000e+00,0.000000000000000000e+00,1.247998710544000023e+00,1.920053861759999925e-01,3.840107723519999849e-01,7.680215447039999699e-01,3.120087525360000780e-01,2.400011044799999979e-02,4.800022089599999958e-02,9.600044179199999916e-02,1.920008835839999983e-01,3.840017671679999967e-01,7.680035343359999933e-01,3.120014358240000285e-01,2.400007855199999887e-02,4.800015710399999774e-02,9.600031420799999549e-02,1.920006284159999910e-01,3.840012568319999819e-01,7.680025136639999639e-01,3.120010211760000374e-01,5.760028995839999721e-01,-3.023983841471999945e+00,5.760026507519999672e-01,5.760018852480000007e-01
0.000000000000000000e+00,0.000000000000000000e+00,0.000000000000000000e+00,0.000000000000000000e+00,0.000000000000000000e+00,0.000000000000000000e+00,0.000000000000000000e+00,0.000000000000000000e+00,0.000000000000000000e+00,0.000000000000000000e+00,2.592000114175999848e+00,7.680215447039999699e-01,1.536043089407999940e+00,6.240175050720001559e-01,4.800022089599999958e-02,9.600044179199999916e-02,1.920008835839999983e-01,3.840017671679999967e-01,7.680035343359999933e-01,1.536007068671999987e+00,6.240028716480000570e-01,4.800015710399999774e-02,9.600031420799999549e-02,1.920006284159999910e-01,3.840012568319999819e-01,7.680025136639999639e-01,1.536005027327999928e+00,6.240020423520000747e-01,1.152005799167999944e+00,-6.047967682943999890e+00,1.152005301503999934e+00,1.152003770496000001e+00
0.000000000000000000e+00,0.000000000000000000e+00,0.000000000000000000e+00,0.000000000000000000e+00,0.000000000000000000e+00,0.000000000000000000e+00,0.000000000000000000e+00,0.000000000000000000e+00,0.000000000000000000e+00,0.000000000000000000e+00,0.000000000000000000e+00,5.568011000703998903e+00,3.072086178815999880e+00,1.248035010144000312e+00,9.600044179199999916e-02,1.920008835839999983e-01,3.840017671679999967e-01,7.680035343359999933e-01,1.536007068671999987e+00,3.072014137343999973e+00,1.248005743296000114e+00,9.600031420799999549e-02,1.920006284159999910e-01,3.840012568319999819e-01,7.680025136639999639e-01,1.536005027327999928e+00,3.072010054655999856e+00,1.248004084704000149e+00,2.304011598335999889e+00,-1.209593536588799978e+01,2.304010603007999869e+00,2.304007540992000003e+00
0.000000000000000000e+00,0.000000000000000000e+00,0.000000000000000000e+00,0.000000000000000000e+00,0.000000000000000000e+00,0.000000000000000000e+00,0.000000000000000000e+00,0.000000000000000000e+00,0.000000000000000000e+00,0.000000000000000000e+00,0.000000000000000000e+00,0.000000000000000000e+00,1.267206509081600174e+01,2.496070020288000624e+00,1.920008835839999983e-01,3.840017671679999967e-01,7.680035343359999933e-01,1.536007068671999987e+00,3.072014137343999973e+00,6.144028274687999946e+00,2.496011486592000228e+00,1.920006284159999910e-01,3.840012568319999819e-01,7.680025136639999639e-01,1.536005027327999928e+00,3.072010054655999856e+00,6.144020109311999711e+00,2.496008169408000299e+00,4.608023196671999777e+00,-2.419187073177599956e+01,4.608021206015999738e+00,4.608015081984000005e+00
0.000000000000000000e+00,0.000000000000000000e+00,0.000000000000000000e+00,0.000000000000000000e+00,0.000000000000000000e+00,0.000000000000000000e+00,0.000000000000000000e+00,0.000000000000000000e+00,0.000000000000000000e+00,0.000000000000000000e+00,0.000000000000000000e+00,0.000000000000000000e+00,0.000000000000000000e+00,4.407005655871000904e+00,7.800035895600000713e-02,1.560007179120000143e-01,3.120014358240000285e-01,6.240028716480000570e-01,1.248005743296000114e+00,2.496011486592000228e+00,1.014004666428000023e+00,7.800025529400000934e-02,1.560005105880000187e-01,3.120010211760000374e-01,6.240020423520000747e-01,1.248004084704000149e+00,2.496008169408000299e+00,1.014003318822000121e+00,1.872009423647999826e+00,-9.827947484784001375e+00,1.872008614943999838e+00,1.872006127055999780e+00
0.000000000000000000e+00,0.000000000000000000e+00,0.000000000000000000e+00,0.000000000000000000e+00,0.000000000000000000e+00,0.000000000000000000e+00,0.000000000000000000e+00,0.000000000000000000e+00,0.000000000000000000e+00,0.000000000000000000e+00,0.000000000000000000e+00,0.000000000000000000e+00,0.000000000000000000e+00,0.000000000000000000e+00,3.029969095830000736e-01,1.200033433200000006e-02,2.400066866400000012e-02,4.800133732800000025e-02,9.600267465600000050e-02,1.920053493120000010e-01,7.800217315800000994e-02,6.000016308000000013e-03,1.200003261600000003e-02,2.400006523200000005e-02,4.800013046400000011e-02,9.600026092800000022e-02,1.920005218560000004e-01,7.800021200400000798e-02,1.440008773919999874e-01,1.440006626879999918e-01,-7.559959880159999868e-01,1.440003913919999934e-01
0.000000000000000000e+00,0.000000000000000000e+00,0.000000000000000000e+00,0.000000000000000000e+00,0.000000000000000000e+00,0.000000000000000000e+00,0.000000000000000000e+00,0.000000000000000000e+00,0.000000000000000000e+00,0.000000000000000000e+00,0.000000000000000000e+00,0.000000000000000000e+00,0.000000000000000000e+00,0.000000000000000000e+00,0.000000000000000000e+00,6.119939863319998619e-01,4.800133732800000025e-02,9.600267465600000050e-02,1.920053493120000010e-01,3.840106986240000020e-01,1.560043463160000199e-01,1.200003261600000003e-02,2.400006523200000005e-02,4.800013046400000011e-02,9.600026092800000022e-02,1.920005218560000004e-01,3.840010437120000009e-01,1.560004240080000160e-01,2.880017547839999748e-01,2.880013253759999836e-01,-1.511991976031999974e+00,2.880007827839999868e-01
0.000000000000000000e+00,0.000000000000000000e+00,0.000000000000000000e+00,0.000000000000000000e+00,0.000000000000000000e+00,0.000000000000000000e+00,0.000000000000000000e+00,0.000000000000000000e+00,0.000000000000000000e+00,0.000000000000000000e+00,0.000000000000000000e+00,0.000000000000000000e+00,0.000000000000000000e+00,0.000000000000000000e+00,0.000000000000000000e+00,0.000000000000000000e+00,1.247988641328000359e+00,1.920053493120000010e-01,3.840106986240000020e-01,7.680213972480000040e-01,3.120086926320000398e-01,2.400006523200000005e-02,4.800013046400000011e-02,9.600026092800000022e-02,1.920005218560000004e-01,3.840010437120000009e-01,7.680020874240000017e-01,3.120008480160000319e-01,5.760035095679999495e-01,5.760026507519999672e-01,-3.023983952063999947e+00,5.760015655679999735e-01
0.000000000000000000e+00,0.000000000000000000e+00,0.000000000000000000e+00,0.000000000000000000e+00,0.000000000000000000e+00,0.000000000000000000e+00,0.000000000000000000e+00,0.000000000000000000e+00,0.000000000000000000e+00,0.000000000000000000e+00,0.000000000000000000e+00,0.000000000000000000e+00,0.000000000000000000e+00,0.000000000000000000e+00,0.000000000000000000e+00,0.000000000000000000e+00,0.000000000000000000e+00,2.591979957311999705e+00,7.680213972480000040e-01,1.536042794496000008e+00,6.240173852640000796e-01,4.800013046400000011e-02,9.600026092800000022e-02,1.920005218560000004e-01,3.840010437120000009e-01,7.680020874240000017e-01,1.536004174848000003e+00,6.240016960320000639e-01,1.152007019135999899e+00,1.152005301503999934e+00,-6.047967904127999894e+00,1.152003131135999947e+00
0.000000000000000000e+00,0.000000000000000000e+00,0.000000000000000000e+00,0.000000000000000000e+00,0.000000000000000000e+00,0.000000000000000000e+00,0.000000000000000000e+00,0.000000000000000000e+00,0.000000000000000000e+00,0.000000000000000000e+00,0.000000000000000000e+00,0.000000000000000000e+00,0.000000000000000000e+00,0.000000000000000000e+00,0.000000000000000000e+00,0.000000000000000000e+00,0.000000000000000000e+00,0.000000000000000000e+00,5.567970613247998912e+00,3.072085588992000016e+00,1.248034770528000159e+00,9.600026092800000022e-02,1.920005218560000004e-01,3.840010437120000009e-01,7.680020874240000017e-01,1.536004174848000003e+00,3.072008349696000007e+00,1.248003392064000128e+00,2.304014038271999798e+00,2.304010603007999869e+00,-1.209593580825599979e+01,2.304006262271999894e+00
0.000000000000000000e+00,0.000000000000000000e+00,0.000000000000000000e+00,0.000000000000000000e+00,0.000000000000000000e+00,0.000000000000000000e+00,0.000000000000000000e+00,0.000000000000000000e+00,0.000000000000000000e+00,0.000000000000000000e+00,0.000000000000000000e+00,0.000000000000000000e+00,0.000000000000000000e+00,0.000000000000000000e+00,0.000000000000000000e+00,0.000000000000000000e+00,0.000000000000000000e+00,0.000000000000000000e+00,0.000000000000000000e+00,1.267198402099199939e+01,2.496069541056000318e+00,1.920005218560000004e-01,3.840010437120000009e-01,7.680020874240000017e-01,1.536004174848000003e+00,3.072008349696000007e+00,6.144016699392000014e+00,2.496006784128000255e+00,4.608028076543999596e+00,4.608021206015999738e+00,-2.419187161651199958e+01,4.608012524543999788e+00
0.000000000000000000e+00,0.000000000000000000e+00,0.000000000000000000e+00,0.000000000000000000e+00,0.000000000000000000e+00,0.000000000000000000e+00,0.000000000000000000e+00,0.000000000000000000e+00,0.000000000000000000e+00,0.000000000000000000e+00,0.000000000000000000e+00,0.000000000000000000e+00,0.000000000000000000e+00,0.000000000000000000e+00,0.000000000000000000e+00,0.000000000000000000e+00,0.000000000000000000e+00,0.000000000000000000e+00,0.000000000000000000e+00,0.000000000000000000e+00,4.406972863527001572e+00,7.800021200400000798e-02,1.560004240080000160e-01,3.120008480160000319e-01,6.240016960320000639e-01,1.248003392064000128e+00,2.496006784128000255e+00,1.014002756051999965e+00,1.872011406095999808e+00,1.872008614943999838e+00,-9.827947844208001271e+00,1.872005088095999970e+00
0.000000000000000000e+00,0.000000000000000000e+00,0.000000000000000000e+00,0.000000000000000000e+00,0.000000000000000000e+00,0.000000000000000000e+00,0.000000000000000000e+00,0.000000000000000000e+00,0.000000000000000000e+00,0.000000000000000000e+00,0.000000000000000000e+00,0.000000000000000000e+00,0.000000000000000000e+00,0.000000000000000000e+00,0.000000000000000000e+00,0.000000000000000000e+00,0.000000000000000000e+00,0.000000000000000000e+00,0.000000000000000000e+00,0.000000000000000000e+00,0.000000000000000000e+00,3.029987381550000025e-01,1.200046062000000024e-02,2.400092124000000049e-02,4.800184248000000098e-02,9.600368496000000196e-02,1.920073699200000039e-01,7.800299403000000853e-02,1.440018066240000005e-01,1.440004713120000002e-01,1.440003913919999934e-01,-7.559944725599999638e-01
0.000000000000000000e+00,0.000000000000000000e+00,0.000000000000000000e+00,0.000000000000000000e+00,0.000000000000000000e+00,0.000000000000000000e+00,0.000000000000000000e+00,0.000000000000000000e+00,0.000000000000000000e+00,0.000000000000000000e+00,0.000000000000000000e+00,0.000000000000000000e+00,0.000000000000000000e+00,0.000000000000000000e+00,0.000000000000000000e+00,0.000000000000000000e+00,0.000000000000000000e+00,0.000000000000000000e+00,0.000000000000000000e+00,0.000000000000000000e+00,0.000000000000000000e+00,0.000000000000000000e+00,6.119977066199999705e-01,4.800184248000000098e-02,9.600368496000000196e-02,1.920073699200000039e-01,3.840147398400000078e-01,1.560059880600000171e-01,2.880036132480000011e-01,2.880009426240000003e-01,2.880007827839999868e-01,-1.511988945119999928e+00
0.000000000000000000e+00,0.000000000000000000e+00,0.000000000000000000e+00,0.000000000000000000e+00,0.000000000000000000e+00,0.000000000000000000e+00,0.000000000000000000e+00,0.000000000000000000e+00,0.000000000000000000e+00,0.000000000000000000e+00,0.000000000000000000e+00,0.000000000000000000e+00,0.000000000000000000e+00,0.000000000000000000e+00,0.000000000000000000e+00,0.000000000000000000e+00,0.000000000000000000e+00,0.000000000000000000e+00,0.000000000000000000e+00,0.000000000000000000e+00,0.000000000000000000e+00,0.000000000000000000e+00,0.000000000000000000e+00,1.247996334480000247e+00,1.920073699200000039e-01,3.840147398400000078e-01,7.680294796800000157e-01,3.120119761200000341e-01,5.760072264960000021e-01,5.760018852480000007e-01,5.760015655679999735e-01,-3.023977890239999855e+00
0.000000000000000000e+00,0.000000000000000000e+00,0.000000000000000000e+00,0.000000000000000000e+00,0.000000000000000000e+00,0.000000000000000000e+00,0.000000000000000000e+00,0.000000000000000000e+00,0.000000000000000000e+00,0.000000000000000000e+00,0.000000000000000000e+00,0.000000000000000000e+00,0.000000000000000000e+00,0.000000000000000000e+00,0.000000000000000000e+00,0.000000000000000000e+00,0.000000000000000000e+00,0.000000000000000000e+00,0.000000000000000000e+00,0.000000000000000000e+00,0.000000000000000000e+00,0.000000000000000000e+00,0.000000000000000000e+00,0.000000000000000000e+00,2.591996353919999940e+00,7.680294796800000157e-01,1.536058959360000031e+00,6.240239522400000682e-01,1.152014452992000004e+00,1.152003770496000001e+00,1.152003131135999947e+00,-6.047955780479999710e+00
0.000000000000000000e+00,0.000000000000000000e+00,0.000000000000000000e+00,0.000000000000000000e+00,0.000000000000000000e+00,0.000000000000000000e+00,0.000000000000000000e+00,0.000000000000000000e+00,0.000000000000000000e+00,0.000000000000000000e+00,0.000000000000000000e+00,0.000000000000000000e+00,0.000000000000000000e+00,0.000000000000000000e+00,0.000000000000000000e+00,0.000000000000000000e+00,0.000000000000000000e+00,0.000000000000000000e+00,0.000000000000000000e+00,0.000000000000000000e+00,0.000000000000000000e+00,0.000000000000000000e+00,0.000000000000000000e+00,0.000000000000000000e+00,0.000000000000000000e+00,5.568007447679999444e+00,3.072117918720000063e+00,1.248047904480000136e+00,2.304028905984000009e+00,2.304007540992000003e+00,2.304006262271999894e+00,-1.209591156095999942e+01
0.000000000000000000e+00,0.000000000000000000e+00,0.000000000000000000e+00,0.000000000000000000e+00,0.000000000000000000e+00,0.000000000000000000e+00,0.000000000000000000e+00,0.000000000000000000e+00,0.000000000000000000e+00,0.000000000000000000e+00,0.000000000000000000e+00,0.000000000000000000e+00,0.000000000000000000e+00,0.000000000000000000e+00,0.000000000000000000e+00,0.000000000000000000e+00,0.000000000000000000e+00,0.000000000000000000e+00,0.000000000000000000e+00,0.000000000000000000e+00,0.000000000000000000e+00,0.000000000000000000e+00,0.000000000000000000e+00,0.000000000000000000e+00,0.000000000000000000e+00,0.000000000000000000e+00,1.267207385472000070e+01,2.496095808960000273e+00,4.608057811968000017e+00,4.608015081984000005e+00,4.608012524543999788e+00,-2.419182312191999884e+01
0.000000000000000000e+00,0.000000000000000000e+00,0.000000000000000000e+00,0.000000000000000000e+00,0.000000000000000000e+00,0.000000000000000000e+00,0.000000000000000000e+00,0.000000000000000000e+00,0.000000000000000000e+00,0.000000000000000000e+00,0.000000000000000000e+00,0.000000000000000000e+00,0.000000000000000000e+00,0.000000000000000000e+00,0.000000000000000000e+00,0.000000000000000000e+00,0.000000000000000000e+00,0.000000000000000000e+00,0.000000000000000000e+00,0.000000000000000000e+00,0.000000000000000000e+00,0.000000000000000000e+00,0.000000000000000000e+00,0.000000000000000000e+00,0.000000000000000000e+00,0.000000000000000000e+00,0.000000000000000000e+00,4.407001560195001666e+00,1.872023486111999979e+00,1.872006127055999780e+00,1.872005088095999970e+00,-9.827928143280001194e+00
0.000000000000000000e+00,0.000000000000000000e+00,0.000000000000000000e+00,0.000000000000000000e+00,0.000000000000000000e+00,0.000000000000000000e+00,0.000000000000000000e+00,0.000000000000000000e+00,0.000000000000000000e+00,0.000000000000000000e+00,0.000000000000000000e+00,0.000000000000000000e+00,0.000000000000000000e+00,0.000000000000000000e+00,0.000000000000000000e+00,0.000000000000000000e+00,0.000000000000000000e+00,0.000000000000000000e+00,0.000000000000000000e+00,0.000000000000000000e+00,0.000000000000000000e+00,0.000000000000000000e+00,0.000000000000000000e+00,0.000000000000000000e+00,0.000000000000000000e+00,0.000000000000000000e+00,0.000000000000000000e+00,0.000000000000000000e+00,-2.826720037789440312e+02,1.834560173975039845e+02,1.834560210574079804e+02,1.834560433589759896e+02
0.000000000000000000e+00,0.000000000000000000e+00,0.000000000000000000e+00,0.000000000000000000e+00,0.000000000000000000e+00,0.000000000000000000e+00,0.000000000000000000e+00,0.000000000000000000e+00,0.000000000000000000e+00,0.000000000000000000e+00,0.000000000000000000e+00,0.000000000000000000e+00,0.000000000000000000e+00,0.000000000000000000e+00,0.000000000000000000e+00,0.000000000000000000e+00,0.000000000000000000e+00,0.000000000000000000e+00,0.000000000000000000e+00,0.000000000000000000e+00,0.000000000000000000e+00,0.000000000000000000e+00,0.000000000000000000e+00,0.000000000000000000e+00,0.000000000000000000e+00,0.000000000000000000e+00,0.000000000000000000e+00,0.000000000000000000e+00,0.000000000000000000e+00,-2.826719673404160176e+02,1.834560159045119860e+02,1.834560113114879982e+02
0.000000000000000000e+00,0.000000000000000000e+00,0.000000000000000000e+00,0.000000000000000000e+00,0.000000000000000000e+00,0.000000000000000000e+00,0.000000000000000000e+00,0.000000000000000000e+00,0.000000000000000000e+00,0.000000000000000000e+00,0.000000000000000000e+00,0.000000000000000000e+00,0.000000000000000000e+00,0.000000000000000000e+00,0.000000000000000000e+00,0.000000000000000000e+00,0.000000000000000000e+00,0.000000000000000000e+00,0.000000000000000000e+00,0.000000000000000000e+00,0.000000000000000000e+00,0.000000000000000000e+00,0.000000000000000000e+00,0.000000000000000000e+00,0.000000000000000000e+00,0.000000000000000000e+00,0.000000000000000000e+00,0.000000000000000000e+00,0.000000000000000000e+00,0.000000000000000000e+00,-2.826720280321920313e+02,1.834560093934079816e+02
0.000000000000000000e+00,0.000000000000000000e+00,0.000000000000000000e+00,0.000000000000000000e+00,0.000000000000000000e+00,0.000000000000000000e+00,0.000000000000000000e+00,0.000000000000000000e+00,0.000000000000000000e+00,0.000000000000000000e+00,0.000000000000000000e+00,0.000000000000000000e+00,0.000000000000000000e+00,0.000000000000000000e+00,0.000000000000000000e+00,0.000000000000000000e+00,0.000000000000000000e+00,0.000000000000000000e+00,0.000000000000000000e+00,0.000000000000000000e+00,0.000000000000000000e+00,0.000000000000000000e+00,0.000000000000000000e+00,0.000000000000000000e+00,0.000000000000000000e+00,0.000000000000000000e+00,0.000000000000000000e+00,0.000000000000000000e+00,0.000000000000000000e+00,0.000000000000000000e+00,0.000000000000000000e+00,-2.826719667187200002e+02
