3.029761174200000795e-01,1.200042968000000071e-02,2.400085936000000142e-02,4.800171872000000284e-02,9.600343744000000568e-02,1.920068748800000114e-01,2.220079490800000166e-01,6.000016779999999862e-03,1.200003355999999972e-02,2.400006711999999945e-02,4.800013423999999890e-02,9.600026847999999779e-02,1.920005369599999956e-01,2.220006208599999975e-01,6.000020310000000502e-03,1.200004062000000100e-02,2.400008124000000201e-02,4.800016248000000402e-02,9.600032496000000803e-02,1.920006499200000161e-01,2.220007514700000073e-01,6.000041820000000421e-03,1.200008364000000084e-02,2.400016728000000168e-02,4.800033456000000337e-02,9.600066912000000674e-02,1.920013382400000135e-01,2.220015473399999939e-01,-9.000000000000000222e-01,0.000000000000000000e+00,0.000000000000000000e+00,0.000000000000000000e+00
0.000000000000000000e+00,6.119524496799999547e-01,4.800171872000000284e-02,9.600343744000000568e-02,1.920068748800000114e-01,3.840137497600000227e-01,4.440158981600000332e-01,1.200003355999999972e-02,2.400006711999999945e-02,4.800013423999999890e-02,9.600026847999999779e-02,1.920005369599999956e-01,3.840010739199999912e-01,4.440012417199999950e-01,1.200004062000000100e-02,2.400008124000000201e-02,4.800016248000000402e-02,9.600032496000000803e-02,1.920006499200000161e-01,3.840012998400000321e-01,4.440015029400000146e-01,1.200008364000000084e-02,2.400016728000000168e-02,4.800033456000000337e-02,9.600066912000000674e-02,1.920013382400000135e-01,3.840026764800000270e-01,4.440030946799999878e-01,-1.800000000000000044e+00,0.000000000000000000e+00,0.000000000000000000e+00,0.000000000000000000e+00
0.000000000000000000e+00,0.000000000000000000e+00,1.247905758720000424e+00,1.920068748800000114e-01,3.840137497600000227e-01,7.680274995200000454e-01,8.880317963200000664e-01,2.400006711999999945e-02,4.800013423999999890e-02,9.600026847999999779e-02,1.920005369599999956e-01,3.840010739199999912e-01,7.680021478399999824e-01,8.880024834399999900e-01,2.400008124000000201e-02,4.800016248000000402e-02,9.600032496000000803e-02,1.920006499200000161e-01,3.840012998400000321e-01,7.680025996800000643e-01,8.880030058800000292e-01,2.400016728000000168e-02,4.800033456000000337e-02,9.600066912000000674e-02,1.920013382400000135e-01,3.840026764800000270e-01,7.680053529600000539e-01,8.880061893599999756e-01,-3.600000000000000089e+00,0.000000000000000000e+00,0.000000000000000000e+00,0.000000000000000000e+00
0.000000000000000000e+00,0.000000000000000000e+00,0.000000000000000000e+00,2.591814954879999355e+00,7.680274995200000454e-01,1.536054999040000091e+00,1.776063592640000133e+00,4.800013423999999890e-02,9.600026847999999779e-02,1.920005369599999956e-01,3.840010739199999912e-01,7.680021478399999824e-01,1.536004295679999965e+00,1.776004966879999980e+00,4.800016248000000402e-02,9.600032496000000803e-02,1.920006499200000161e-01,3.840012998400000321e-01,7.680025996800000643e-01,1.536005199360000129e+00,1.776006011760000058e+00,4.800033456000000337e-02,9.600066912000000674e-02,1.920013382400000135e-01,3.840026764800000270e-01,7.680053529600000539e-01,1.536010705920000108e+00,1.776012378719999951e+00,-7.200000000000000178e+00,0.000000000000000000e+00,0.000000000000000000e+00,0.000000000000000000e+00
0.000000000000000000e+00,0.000000000000000000e+00,0.000000000000000000e+00,0.000000000000000000e+00,5.567643659519999844e+00,3.072109998080000182e+00,3.552127185280000266e+00,9.600026847999999779e-02,1.920005369599999956e-01,3.840010739199999912e-01,7.680021478399999824e-01,1.536004295679999965e+00,3.072008591359999929e+00,3.552009933759999960e+00,9.600032496000000803e-02,1.920006499200000161e-01,3.840012998400000321e-01,7.680025996800000643e-01,1.536005199360000129e+00,3.072010398720000257e+00,3.552012023520000117e+00,9.600066912000000674e-02,1.920013382400000135e-01,3.840026764800000270e-01,7.680053529600000539e-01,1.536010705920000108e+00,3.072021411840000216e+00,3.552024757439999902e+00,-1.440000000000000036e+01,0.000000000000000000e+00,0.000000000000000000e+00,0.000000000000000000e+00
0.000000000000000000e+00,0.000000000000000000e+00,0.000000000000000000e+00,0.000000000000000000e+00,0.000000000000000000e+00,1.267134231808000067e+01,7.104254370560000531e+00,1.920005369599999956e-01,3.840010739199999912e-01,7.680021478399999824e-01,1.536004295679999965e+00,3.072008591359999929e+00,6.144017182719999859e+00,7.104019867519999920e+00,1.920006499200000161e-01,3.840012998400000321e-01,7.680025996800000643e-01,1.536005199360000129e+00,3.072010398720000257e+00,6.144020797440000514e+00,7.104024047040000234e+00,1.920013382400000135e-01,3.840026764800000270e-01,7.680053529600000539e-01,1.536010705920000108e+00,3.072021411840000216e+00,6.144042823680000431e+00,7.104049514879999805e+00,-2.880000000000000071e+01,0.000000000000000000e+00,0.000000000000000000e+00,0.000000000000000000e+00
0.000000000000000000e+00,0.000000000000000000e+00,0.000000000000000000e+00,0.000000000000000000e+00,0.000000000000000000e+00,0.000000000000000000e+00,1.520625942797999741e+01,2.220006208599999975e-01,4.440012417199999950e-01,8.880024834399999900e-01,1.776004966879999980e+00,3.552009933759999960e+00,7.104019867519999920e+00,8.214022971820000407e+00,2.220007514700000073e-01,4.440015029400000146e-01,8.880030058800000292e-01,1.776006011760000058e+00,3.552012023520000117e+00,7.104024047040000234e+00,8.214027804389999687e+00,2.220015473399999939e-01,4.440030946799999878e-01,8.880061893599999756e-01,1.776012378719999951e+00,3.552024757439999902e+00,7.104049514879999805e+00,8.214057251579999885e+00,-3.329999999999999716e+01,0.000000000000000000e+00,0.000000000000000000e+00,0.000000000000000000e+00
0.000000000000000000e+00,0.000000000000000000e+00,0.000000000000000000e+00,0.000000000000000000e+00,0.000000000000000000e+00,0.000000000000000000e+00,0.000000000000000000e+00,3.029967517550000711e-01,1.200018702000000062e-02,2.400037404000000124e-02,4.800074808000000248e-02,9.600149616000000496e-02,1.920029923200000099e-01,2.220034598700000028e-01,6.000015340000000412e-03,1.200003068000000082e-02,2.400006136000000165e-02,4.800012272000000330e-02,9.600024544000000659e-02,1.920004908800000132e-01,2.220005675800000022e-01,6.000010909999999899e-03,1.200002181999999980e-02,2.400004363999999960e-02,4.800008727999999919e-02,9.600017455999999838e-02,1.920003491199999968e-01,2.220004036700000127e-01,0.000000000000000000e+00,-9.000000000000000222e-01,0.000000000000000000e+00,0.000000000000000000e+00
0.000000000000000000e+00,0.000000000000000000e+00,0.000000000000000000e+00,0.000000000000000000e+00,0.000000000000000000e+00,0.000000000000000000e+00,0.000000000000000000e+00,0.000000000000000000e+00,6.119935970199998909e-01,4.800074808000000248e-02,9.600149616000000496e-02,1.920029923200000099e-01,3.840059846400000199e-01,4.440069197400000056e-01,1.200003068000000082e-02,2.400006136000000165e-02,4.800012272000000330e-02,9.600024544000000659e-02,1.920004908800000132e-01,3.840009817600000264e-01,4.440011351600000045e-01,1.200002181999999980e-02,2.400004363999999960e-02,4.800008727999999919e-02,9.600017455999999838e-02,1.920003491199999968e-01,3.840006982399999935e-01,4.440008073400000255e-01,0.000000000000000000e+00,-1.800000000000000044e+00,0.000000000000000000e+00,0.000000000000000000e+00
0.000000000000000000e+00,0.000000000000000000e+00,0.000000000000000000e+00,0.000000000000000000e+00,0.000000000000000000e+00,0.000000000000000000e+00,0.000000000000000000e+00,0.000000000000000000e+00,0.000000000000000000e+00,1.247987568080000109e+00,1.920029923200000099e-01,3.840059846400000199e-01,7.680119692800000397e-01,8.880138394800000112e-01,2.400006136000000165e-02,4.800012272000000330e-02,9.600024544000000659e-02,1.920004908800000132e-01,3.840009817600000264e-01,7.680019635200000527e-01,8.880022703200000089e-01,2.400004363999999960e-02,4.800008727999999919e-02,9.600017455999999838e-02,1.920003491199999968e-01,3.840006982399999935e-01,7.680013964799999870e-01,8.880016146800000509e-01,0.000000000000000000e+00,-3.600000000000000089e+00,0.000000000000000000e+00,0.000000000000000000e+00
0.000000000000000000e+00,0.000000000000000000e+00,0.000000000000000000e+00,0.000000000000000000e+00,0.000000000000000000e+00,0.000000000000000000e+00,0.000000000000000000e+00,0.000000000000000000e+00,0.000000000000000000e+00,0.000000000000000000e+00,2.591976632319999752e+00,7.680119692800000397e-01,1.536023938560000079e+00,1.776027678960000022e+00,4.800012272000000330e-02,9.600024544000000659e-02,1.920004908800000132e-01,3.840009817600000264e-01,7.680019635200000527e-01,1.536003927040000105e+00,1.776004540640000018e+00,4.800008727999999919e-02,9.600017455999999838e-02,1.920003491199999968e-01,3.840006982399999935e-01,7.680013964799999870e-01,1.536002792959999974e+00,1.776003229360000102e+00,0.000000000000000000e+00,-7.200000000000000178e+00,0.000000000000000000e+00,0.000000000000000000e+00
0.000000000000000000e+00,0.000000000000000000e+00,0.000000000000000000e+00,0.000000000000000000e+00,0.000000000000000000e+00,0.000000000000000000e+00,0.000000000000000000e+00,0.000000000000000000e+00,0.000000000000000000e+00,0.000000000000000000e+00,0.000000000000000000e+00,5.567959249279999412e+00,3.072047877120000159e+00,3.552055357920000045e+00,9.600024544000000659e-02,1.920004908800000132e-01,3.840009817600000264e-01,7.680019635200000527e-01,1.536003927040000105e+00,3.072007854080000211e+00,3.552009081280000036e+00,9.600017455999999838e-02,1.920003491199999968e-01,3.840006982399999935e-01,7.680013964799999870e-01,1.536002792959999974e+00,3.072005585919999948e+00,3.552006458720000204e+00,0.000000000000000000e+00,-1.440000000000000036e+01,0.000000000000000000e+00,0.000000000000000000e+00
0.000000000000000000e+00,0.000000000000000000e+00,0.000000000000000000e+00,0.000000000000000000e+00,0.000000000000000000e+00,0.000000000000000000e+00,0.000000000000000000e+00,0.000000000000000000e+00,0.000000000000000000e+00,0.000000000000000000e+00,0.000000000000000000e+00,0.000000000000000000e+00,1.267194243712000201e+01,7.104110715840000090e+00,1.920004908800000132e-01,3.840009817600000264e-01,7.680019635200000527e-01,1.536003927040000105e+00,3.072007854080000211e+00,6.144015708160000422e+00,7.104018162560000071e+00,1.920003491199999968e-01,3.840006982399999935e-01,7.680013964799999870e-01,1.536002792959999974e+00,3.072005585919999948e+00,6.144011171839999896e+00,7.104012917440000408e+00,0.000000000000000000e+00,-2.880000000000000071e+01,0.000000000000000000e+00,0.000000000000000000e+00
0.000000000000000000e+00,0.000000000000000000e+00,0.000000000000000000e+00,0.000000000000000000e+00,0.000000000000000000e+00,0.000000000000000000e+00,0.000000000000000000e+00,0.000000000000000000e+00,0.000000000000000000e+00,0.000000000000000000e+00,0.000000000000000000e+00,0.000000000000000000e+00,0.000000000000000000e+00,1.520694209259499630e+01,2.220005675800000022e-01,4.440011351600000045e-01,8.880022703200000089e-01,1.776004540640000018e+00,3.552009081280000036e+00,7.104018162560000071e+00,8.214021000460000721e+00,2.220004036700000127e-01,4.440008073400000255e-01,8.880016146800000509e-01,1.776003229360000102e+00,3.552006458720000204e+00,7.104012917440000408e+00,8.214014935790000749e+00,0.000000000000000000e+00,-3.329999999999999716e+01,0.000000000000000000e+00,0.000000000000000000e+00
0.000000000000000000e+00,0.000000000000000000e+00,0.000000000000000000e+00,0.000000000000000000e+00,0.000000000000000000e+00,0.000000000000000000e+00,0.000000000000000000e+00,0.000000000000000000e+00,0.000000000000000000e+00,0.000000000000000000e+00,0.000000000000000000e+00,0.000000000000000000e+00,0.000000000000000000e+00,0.000000000000000000e+00,3.029841764350000854e-01,1.200018574000000053e-02,2.400037148000000106e-02,4.800074296000000212e-02,9.600148592000000425e-02,1.920029718400000085e-01,2.220034361900000142e-01,6.000009060000000352e-03,1.200001812000000070e-02,2.400003624000000141e-02,4.800007248000000282e-02,9.600014496000000563e-02,1.920002899200000113e-01,2.220003352200000113e-01,0.000000000000000000e+00,0.000000000000000000e+00,-9.000000000000000222e-01,0.000000000000000000e+00
0.000000000000000000e+00,0.000000000000000000e+00,0.000000000000000000e+00,0.000000000000000000e+00,0.000000000000000000e+00,0.000000000000000000e+00,0.000000000000000000e+00,0.000000000000000000e+00,0.000000000000000000e+00,0.000000000000000000e+00,0.000000000000000000e+00,0.000000000000000000e+00,0.000000000000000000e+00,0.000000000000000000e+00,0.000000000000000000e+00,6.119684457399998667e-01,4.800074296000000212e-02,9.600148592000000425e-02,1.920029718400000085e-01,3.840059436800000170e-01,4.440068723800000283e-01,1.200001812000000070e-02,2.400003624000000141e-02,4.800007248000000282e-02,9.600014496000000563e-02,1.920002899200000113e-01,3.840005798400000225e-01,4.440006704400000226e-01,0.000000000000000000e+00,0.000000000000000000e+00,-1.800000000000000044e+00,0.000000000000000000e+00
0.000000000000000000e+00,0.000000000000000000e+00,0.000000000000000000e+00,0.000000000000000000e+00,0.000000000000000000e+00,0.000000000000000000e+00,0.000000000000000000e+00,0.000000000000000000e+00,0.000000000000000000e+00,0.000000000000000000e+00,0.000000000000000000e+00,0.000000000000000000e+00,0.000000000000000000e+00,0.000000000000000000e+00,0.000000000000000000e+00,0.000000000000000000e+00,1.247937262960000293e+00,1.920029718400000085e-01,3.840059436800000170e-01,7.680118873600000340e-01,8.880137447600000566e-01,2.400003624000000141e-02,4.800007248000000282e-02,9.600014496000000563e-02,1.920002899200000113e-01,3.840005798400000225e-01,7.680011596800000451e-01,8.880013408800000452e-01,0.000000000000000000e+00,0.000000000000000000e+00,-3.600000000000000089e+00,0.000000000000000000e+00
0.000000000000000000e+00,0.000000000000000000e+00,0.000000000000000000e+00,0.000000000000000000e+00,0.000000000000000000e+00,0.000000000000000000e+00,0.000000000000000000e+00,0.000000000000000000e+00,0.000000000000000000e+00,0.000000000000000000e+00,0.000000000000000000e+00,0.000000000000000000e+00,0.000000000000000000e+00,0.000000000000000000e+00,0.000000000000000000e+00,0.000000000000000000e+00,0.000000000000000000e+00,2.591876011839999272e+00,7.680118873600000340e-01,1.536023774720000068e+00,1.776027489520000113e+00,4.800007248000000282e-02,9.600014496000000563e-02,1.920002899200000113e-01,3.840005798400000225e-01,7.680011596800000451e-01,1.536002319360000090e+00,1.776002681760000090e+00,0.000000000000000000e+00,0.000000000000000000e+00,-7.200000000000000178e+00,0.000000000000000000e+00
0.000000000000000000e+00,0.000000000000000000e+00,0.000000000000000000e+00,0.000000000000000000e+00,0.000000000000000000e+00,0.000000000000000000e+00,0.000000000000000000e+00,0.000000000000000000e+00,0.000000000000000000e+00,0.000000000000000000e+00,0.000000000000000000e+00,0.000000000000000000e+00,0.000000000000000000e+00,0.000000000000000000e+00,0.000000000000000000e+00,0.000000000000000000e+00,0.000000000000000000e+00,0.000000000000000000e+00,5.567757967360000393e+00,3.072047549440000136e+00,3.552054979040000227e+00,9.600014496000000563e-02,1.920002899200000113e-01,3.840005798400000225e-01,7.680011596800000451e-01,1.536002319360000090e+00,3.072004638720000180e+00,3.552005363520000181e+00,0.000000000000000000e+00,0.000000000000000000e+00,-1.440000000000000036e+01,0.000000000000000000e+00
0.000000000000000000e+00,0.000000000000000000e+00,0.000000000000000000e+00,0.000000000000000000e+00,0.000000000000000000e+00,0.000000000000000000e+00,0.000000000000000000e+00,0.000000000000000000e+00,0.000000000000000000e+00,0.000000000000000000e+00,0.000000000000000000e+00,0.000000000000000000e+00,0.000000000000000000e+00,0.000000000000000000e+00,0.000000000000000000e+00,0.000000000000000000e+00,0.000000000000000000e+00,0.000000000000000000e+00,0.000000000000000000e+00,1.267153970944000108e+01,7.104109958080000453e+00,1.920002899200000113e-01,3.840005798400000225e-01,7.680011596800000451e-01,1.536002319360000090e+00,3.072004638720000180e+00,6.144009277440000361e+00,7.104010727040000361e+00,0.000000000000000000e+00,0.000000000000000000e+00,-2.880000000000000071e+01,0.000000000000000000e+00
0.000000000000000000e+00,0.000000000000000000e+00,0.000000000000000000e+00,0.000000000000000000e+00,0.000000000000000000e+00,0.000000000000000000e+00,0.000000000000000000e+00,0.000000000000000000e+00,0.000000000000000000e+00,0.000000000000000000e+00,0.000000000000000000e+00,0.000000000000000000e+00,0.000000000000000000e+00,0.000000000000000000e+00,0.000000000000000000e+00,0.000000000000000000e+00,0.000000000000000000e+00,0.000000000000000000e+00,0.000000000000000000e+00,0.000000000000000000e+00,1.520647637951499931e+01,2.220003352200000113e-01,4.440006704400000226e-01,8.880013408800000452e-01,1.776002681760000090e+00,3.552005363520000181e+00,7.104010727040000361e+00,8.214012403139999918e+00,0.000000000000000000e+00,0.000000000000000000e+00,-3.329999999999999716e+01,0.000000000000000000e+00
0.000000000000000000e+00,0.000000000000000000e+00,0.000000000000000000e+00,0.000000000000000000e+00,0.000000000000000000e+00,0.000000000000000000e+00,0.000000000000000000e+00,0.000000000000000000e+00,0.000000000000000000e+00,0.000000000000000000e+00,0.000000000000000000e+00,0.000000000000000000e+00,0.000000000000000000e+00,0.000000000000000000e+00,0.000000000000000000e+00,0.000000000000000000e+00,0.000000000000000000e+00,0.000000000000000000e+00,0.000000000000000000e+00,0.000000000000000000e+00,0.000000000000000000e+00,3.029931789749999993e-01,1.200025589999999948e-02,2.400051179999999895e-02,4.800102359999999790e-02,9.600204719999999581e-02,1.920040943999999916e-01,2.220047341499999938e-01,0.000000000000000000e+00,0.000000000000000000e+00,0.000000000000000000e+00,-9.000000000000000222e-01
0.000000000000000000e+00,0.000000000000000000e+00,0.000000000000000000e+00,0.000000000000000000e+00,0.000000000000000000e+00,0.000000000000000000e+00,0.000000000000000000e+00,0.000000000000000000e+00,0.000000000000000000e+00,0.000000000000000000e+00,0.000000000000000000e+00,0.000000000000000000e+00,0.000000000000000000e+00,0.000000000000000000e+00,0.000000000000000000e+00,0.000000000000000000e+00,0.000000000000000000e+00,0.000000000000000000e+00,0.000000000000000000e+00,0.000000000000000000e+00,0.000000000000000000e+00,0.000000000000000000e+00,6.119864858999999324e-01,4.800102359999999790e-02,9.600204719999999581e-02,1.920040943999999916e-01,3.840081887999999832e-01,4.440094682999999876e-01,0.000000000000000000e+00,0.000000000000000000e+00,0.000000000000000000e+00,-1.800000000000000044e+00
0.000000000000000000e+00,0.000000000000000000e+00,0.000000000000000000e+00,0.000000000000000000e+00,0.000000000000000000e+00,0.000000000000000000e+00,0.000000000000000000e+00,0.000000000000000000e+00,0.000000000000000000e+00,0.000000000000000000e+00,0.000000000000000000e+00,0.000000000000000000e+00,0.000000000000000000e+00,0.000000000000000000e+00,0.000000000000000000e+00,0.000000000000000000e+00,0.000000000000000000e+00,0.000000000000000000e+00,0.000000000000000000e+00,0.000000000000000000e+00,0.000000000000000000e+00,0.000000000000000000e+00,0.000000000000000000e+00,1.247973483600000044e+00,1.920040943999999916e-01,3.840081887999999832e-01,7.680163775999999665e-01,8.880189365999999751e-01,0.000000000000000000e+00,0.000000000000000000e+00,0.000000000000000000e+00,-3.600000000000000089e+00
0.000000000000000000e+00,0.000000000000000000e+00,0.000000000000000000e+00,0.000000000000000000e+00,0.000000000000000000e+00,0.000000000000000000e+00,0.000000000000000000e+00,0.000000000000000000e+00,0.000000000000000000e+00,0.000000000000000000e+00,0.000000000000000000e+00,0.000000000000000000e+00,0.000000000000000000e+00,0.000000000000000000e+00,0.000000000000000000e+00,0.000000000000000000e+00,0.000000000000000000e+00,0.000000000000000000e+00,0.000000000000000000e+00,0.000000000000000000e+00,0.000000000000000000e+00,0.000000000000000000e+00,0.000000000000000000e+00,0.000000000000000000e+00,2.591949014399999918e+00,7.680163775999999665e-01,1.536032755199999933e+00,1.776037873199999950e+00,0.000000000000000000e+00,0.000000000000000000e+00,0.000000000000000000e+00,-7.200000000000000178e+00
0.000000000000000000e+00,0.000000000000000000e+00,0.000000000000000000e+00,0.000000000000000000e+00,0.000000000000000000e+00,0.000000000000000000e+00,0.000000000000000000e+00,0.000000000000000000e+00,0.000000000000000000e+00,0.000000000000000000e+00,0.000000000000000000e+00,0.000000000000000000e+00,0.000000000000000000e+00,0.000000000000000000e+00,0.000000000000000000e+00,0.000000000000000000e+00,0.000000000000000000e+00,0.000000000000000000e+00,0.000000000000000000e+00,0.000000000000000000e+00,0.000000000000000000e+00,0.000000000000000000e+00,0.000000000000000000e+00,0.000000000000000000e+00,0.000000000000000000e+00,5.567906217599999152e+00,3.072065510399999866e+00,3.552075746399999900e+00,0.000000000000000000e+00,0.000000000000000000e+00,0.000000000000000000e+00,-1.440000000000000036e+01
0.000000000000000000e+00,0.000000000000000000e+00,0.000000000000000000e+00,0.000000000000000000e+00,0.000000000000000000e+00,0.000000000000000000e+00,0.000000000000000000e+00,0.000000000000000000e+00,0.000000000000000000e+00,0.000000000000000000e+00,0.000000000000000000e+00,0.000000000000000000e+00,0.000000000000000000e+00,0.000000000000000000e+00,0.000000000000000000e+00,0.000000000000000000e+00,0.000000000000000000e+00,0.000000000000000000e+00,0.000000000000000000e+00,0.000000000000000000e+00,0.000000000000000000e+00,0.000000000000000000e+00,0.000000000000000000e+00,0.000000000000000000e+00,0.000000000000000000e+00,0.000000000000000000e+00,1.267184519039999913e+01,7.104151492799999801e+00,0.000000000000000000e+00,0.000000000000000000e+00,0.000000000000000000e+00,-2.880000000000000071e+01
0.000000000000000000e+00,0.000000000000000000e+00,0.000000000000000000e+00,0.000000000000000000e+00,0.000000000000000000e+00,0.000000000000000000e+00,0.000000000000000000e+00,0.000000000000000000e+00,0.000000000000000000e+00,0.000000000000000000e+00,0.000000000000000000e+00,0.000000000000000000e+00,0.000000000000000000e+00,0.000000000000000000e+00,0.000000000000000000e+00,0.000000000000000000e+00,0.000000000000000000e+00,0.000000000000000000e+00,0.000000000000000000e+00,0.000000000000000000e+00,0.000000000000000000e+00,0.000000000000000000e+00,0.000000000000000000e+00,0.000000000000000000e+00,0.000000000000000000e+00,0.000000000000000000e+00,0.000000000000000000e+00,1.520683283677499631e+01,0.000000000000000000e+00,0.000000000000000000e+00,0.000000000000000000e+00,-3.329999999999999716e+01
0.000000000000000000e+00,0.000000000000000000e+00,0.000000000000000000e+00,0.000000000000000000e+00,0.000000000000000000e+00,0.000000000000000000e+00,0.000000000000000000e+00,0.000000000000000000e+00,0.000000000000000000e+00,0.000000000000000000e+00,0.000000000000000000e+00,0.000000000000000000e+00,0.000000000000000000e+00,0.000000000000000000e+00,0.000000000000000000e+00,0.000000000000000000e+00,0.000000000000000000e+00,0.000000000000000000e+00,0.000000000000000000e+00,0.000000000000000000e+00,0.000000000000000000e+00,0.000000000000000000e+00,0.000000000000000000e+00,0.000000000000000000e+00,0.000000000000000000e+00,0.000000000000000000e+00,0.000000000000000000e+00,0.000000000000000000e+00,-2.700000000000000000e+02,1.800000000000000000e+02,1.800000000000000000e+02,1.800000000000000000e+02
0.000000000000000000e+00,0.000000000000000000e+00,0.000000000000000000e+00,0.000000000000000000e+00,0.000000000000000000e+00,0.000000000000000000e+00,0.000000000000000000e+00,0.000000000000000000e+00,0.000000000000000000e+00,0.000000000000000000e+00,0.000000000000000000e+00,0.000000000000000000e+00,0.000000000000000000e+00,0.000000000000000000e+00,0.000000000000000000e+00,0.000000000000000000e+00,0.000000000000000000e+00,0.000000000000000000e+00,0.000000000000000000e+00,0.000000000000000000e+00,0.000000000000000000e+00,0.000000000000000000e+00,0.000000000000000000e+00,0.000000000000000000e+00,0.000000000000000000e+00,0.000000000000000000e+00,0.000000000000000000e+00,0.000000000000000000e+00,0.000000000000000000e+00,-2.700000000000000000e+02,1.800000000000000000e+02,1.800000000000000000e+02
0.000000000000000000e+00,0.000000000000000000e+00,0.000000000000000000e+00,0.000000000000000000e+00,0.000000000000000000e+00,0.000000000000000000e+00,0.000000000000000000e+00,0.000000000000000000e+00,0.000000000000000000e+00,0.000000000000000000e+00,0.000000000000000000e+00,0.000000000000000000e+00,0.000000000000000000e+00,0.000000000000000000e+00,0.000000000000000000e+00,0.000000000000000000e+00,0.000000000000000000e+00,0.000000000000000000e+00,0.000000000000000000e+00,0.000000000000000000e+00,0.000000000000000000e+00,0.000000000000000000e+00,0.000000000000000000e+00,0.000000000000000000e+00,0.000000000000000000e+00,0.000000000000000000e+00,0.000000000000000000e+00,0.000000000000000000e+00,0.000000000000000000e+00,0.000000000000000000e+00,-2.700000000000000000e+02,1.800000000000000000e+02
0.000000000000000000e+00,0.000000000000000000e+00,0.000000000000000000e+00,0.000000000000000000e+00,0.000000000000000000e+00,0.000000000000000000e+00,0.000000000000000000e+00,0.000000000000000000e+00,0.000000000000000000e+00,0.000000000000000000e+00,0.000000000000000000e+00,0.000000000000000000e+00,0.000000000000000000e+00,0.000000000000000000e+00,0.000000000000000000e+00,0.000000000000000000e+00,0.000000000000000000e+00,0.000000000000000000e+00,0.000000000000000000e+00,0.000000000000000000e+00,0.000000000000000000e+00,0.000000000000000000e+00,0.000000000000000000e+00,0.000000000000000000e+00,0.000000000000000000e+00,0.000000000000000000e+00,0.000000000000000000e+00,0.000000000000000000e+00,0.000000000000000000e+00,0.000000000000000000e+00,0.000000000000000000e+00,-2.700000000000000000e+02
