-2.120043160515999947e+00,8.000008593599999829e-02,1.600001718719999966e-01,3.200003437439999932e-01,6.400006874879999863e-01,1.280001374975999973e+00,5.200005585840000721e-01,4.000000335599999957e-02,8.000000671199999913e-02,1.600000134239999983e-01,3.200000268479999965e-01,6.400000536959999931e-01,1.280000107391999986e+00,5.200000436280000082e-01,4.000000406200000108e-02,8.000000812400000216e-02,1.600000162480000043e-01,3.200000324960000087e-01,6.400000649920000173e-01,1.280000129984000035e+00,5.200000528060000349e-01,4.000000836400000037e-02,8.000001672800000074e-02,1.600000334560000015e-01,3.200000669120000030e-01,6.400001338240000059e-01,1.280000267648000012e+00,5.200001087319999771e-01,6.000103123199995725e-02,9.600000805439999896e-01,9.600000974879999704e-01,9.600002007360000089e-01
0.000000000000000000e+00,-4.200086278064000034e+00,3.200003437439999932e-01,6.400006874879999863e-01,1.280001374975999973e+00,2.560002749951999945e+00,1.040001117168000144e+00,8.000000671199999913e-02,1.600000134239999983e-01,3.200000268479999965e-01,6.400000536959999931e-01,1.280000107391999986e+00,2.560000214783999972e+00,1.040000087256000016e+00,8.000000812400000216e-02,1.600000162480000043e-01,3.200000324960000087e-01,6.400000649920000173e-01,1.280000129984000035e+00,2.560000259968000069e+00,1.040000105612000070e+00,8.000001672800000074e-02,1.600000334560000015e-01,3.200000669120000030e-01,6.400001338240000059e-01,1.280000267648000012e+00,2.560000535296000024e+00,1.040000217463999954e+00,1.200020624639999145e-01,1.920000161087999979e+00,1.920000194975999941e+00,1.920000401472000018e+00
0.000000000000000000e+00,0.000000000000000000e+00,-8.240172384255998850e+00,1.280001374975999973e+00,2.560002749951999945e+00,5.120005499903999890e+00,2.080002234336000289e+00,1.600000134239999983e-01,3.200000268479999965e-01,6.400000536959999931e-01,1.280000107391999986e+00,2.560000214783999972e+00,5.120000429567999944e+00,2.080000174512000033e+00,1.600000162480000043e-01,3.200000324960000087e-01,6.400000649920000173e-01,1.280000129984000035e+00,2.560000259968000069e+00,5.120000519936000138e+00,2.080000211224000140e+00,1.600000334560000015e-01,3.200000669120000030e-01,6.400001338240000059e-01,1.280000267648000012e+00,2.560000535296000024e+00,5.120001070592000048e+00,2.080000434927999908e+00,2.400041249279998290e-01,3.840000322175999958e+00,3.840000389951999882e+00,3.840000802944000036e+00
0.000000000000000000e+00,0.000000000000000000e+00,0.000000000000000000e+00,-1.584034408102399993e+01,5.120005499903999890e+00,1.024001099980799978e+01,4.160004468672000577e+00,3.200000268479999965e-01,6.400000536959999931e-01,1.280000107391999986e+00,2.560000214783999972e+00,5.120000429567999944e+00,1.024000085913599989e+01,4.160000349024000066e+00,3.200000324960000087e-01,6.400000649920000173e-01,1.280000129984000035e+00,2.560000259968000069e+00,5.120000519936000138e+00,1.024000103987200028e+01,4.160000422448000279e+00,3.200000669120000030e-01,6.400001338240000059e-01,1.280000267648000012e+00,2.560000535296000024e+00,5.120001070592000048e+00,1.024000214118400010e+01,4.160000869855999817e+00,4.800082498559996580e-01,7.680000644351999917e+00,7.680000779903999764e+00,7.680001605888000071e+00
0.000000000000000000e+00,0.000000000000000000e+00,0.000000000000000000e+00,0.000000000000000000e+00,-2.912068541209599459e+01,2.048002199961599956e+01,8.320008937344001154e+00,6.400000536959999931e-01,1.280000107391999986e+00,2.560000214783999972e+00,5.120000429567999944e+00,1.024000085913599989e+01,2.048000171827199978e+01,8.320000698048000132e+00,6.400000649920000173e-01,1.280000129984000035e+00,2.560000259968000069e+00,5.120000519936000138e+00,1.024000103987200028e+01,2.048000207974400055e+01,8.320000844896000558e+00,6.400001338240000059e-01,1.280000267648000012e+00,2.560000535296000024e+00,5.120001070592000048e+00,1.024000214118400010e+01,2.048000428236800019e+01,8.320001739711999633e+00,9.600164997119993160e-01,1.536000128870399983e+01,1.536000155980799953e+01,1.536000321177600014e+01
0.000000000000000000e+00,0.000000000000000000e+00,0.000000000000000000e+00,0.000000000000000000e+00,0.000000000000000000e+00,-4.800135982438399651e+01,1.664001787468800231e+01,1.280000107391999986e+00,2.560000214783999972e+00,5.120000429567999944e+00,1.024000085913599989e+01,2.048000171827199978e+01,4.096000343654399956e+01,1.664000139609600026e+01,1.280000129984000035e+00,2.560000259968000069e+00,5.120000519936000138e+00,1.024000103987200028e+01,2.048000207974400055e+01,4.096000415948800111e+01,1.664000168979200112e+01,1.280000267648000012e+00,2.560000535296000024e+00,5.120001070592000048e+00,1.024000214118400010e+01,2.048000428236800019e+01,4.096000856473600038e+01,1.664000347942399927e+01,1.920032999423998632e+00,3.072000257740799967e+01,3.072000311961599905e+01,3.072000642355200029e+01
0.000000000000000000e+00,0.000000000000000000e+00,0.000000000000000000e+00,0.000000000000000000e+00,0.000000000000000000e+00,0.000000000000000000e+00,-2.444055773520399910e+01,5.200000436280000082e-01,1.040000087256000016e+00,2.080000174512000033e+00,4.160000349024000066e+00,8.320000698048000132e+00,1.664000139609600026e+01,6.760000567164000884e+00,5.200000528060000349e-01,1.040000105612000070e+00,2.080000211224000140e+00,4.160000422448000279e+00,8.320000844896000558e+00,1.664000168979200112e+01,6.760000686478000453e+00,5.200001087319999771e-01,1.040000217463999954e+00,2.080000434927999908e+00,4.160000869855999817e+00,8.320001739711999633e+00,1.664000347942399927e+01,6.760001413516000923e+00,7.800134060159980010e-01,1.248000104707199931e+01,1.248000126734399906e+01,1.248000260956799856e+01
0.000000000000000000e+00,0.000000000000000000e+00,0.000000000000000000e+00,0.000000000000000000e+00,0.000000000000000000e+00,0.000000000000000000e+00,0.000000000000000000e+00,-2.120005921649000147e+00,8.000003740399999619e-02,1.600000748079999924e-01,3.200001496159999848e-01,6.400002992319999695e-01,1.280000598463999939e+00,5.200002431260000169e-01,4.000000306800000072e-02,8.000000613600000143e-02,1.600000122720000029e-01,3.200000245440000057e-01,6.400000490880000115e-01,1.280000098176000023e+00,5.200000398840000093e-01,4.000000218199999819e-02,8.000000436399999637e-02,1.600000087279999927e-01,3.200000174559999855e-01,6.400000349119999710e-01,1.280000069823999942e+00,5.200000283660000111e-01,9.600000805439999896e-01,6.000044884799993206e-02,9.600000736320000172e-01,9.600000523680000120e-01
0.000000000000000000e+00,0.000000000000000000e+00,0.000000000000000000e+00,0.000000000000000000e+00,0.000000000000000000e+00,0.000000000000000000e+00,0.000000000000000000e+00,0.000000000000000000e+00,-4.200011824596000309e+00,3.200001496159999848e-01,6.400002992319999695e-01,1.280000598463999939e+00,2.560001196927999878e+00,1.040000486252000034e+00,8.000000613600000143e-02,1.600000122720000029e-01,3.200000245440000057e-01,6.400000490880000115e-01,1.280000098176000023e+00,2.560000196352000046e+00,1.040000079768000019e+00,8.000000436399999637e-02,1.600000087279999927e-01,3.200000174559999855e-01,6.400000349119999710e-01,1.280000069823999942e+00,2.560000139647999884e+00,1.040000056732000022e+00,1.920000161087999979e+00,1.200008976959998641e-01,1.920000147264000034e+00,1.920000104736000024e+00
0.000000000000000000e+00,0.000000000000000000e+00,0.000000000000000000e+00,0.000000000000000000e+00,0.000000000000000000e+00,0.000000000000000000e+00,0.000000000000000000e+00,0.000000000000000000e+00,0.000000000000000000e+00,-8.240023574384000682e+00,1.280000598463999939e+00,2.560001196927999878e+00,5.120002393855999756e+00,2.080000972504000067e+00,1.600000122720000029e-01,3.200000245440000057e-01,6.400000490880000115e-01,1.280000098176000023e+00,2.560000196352000046e+00,5.120000392704000092e+00,2.080000159536000037e+00,1.600000087279999927e-01,3.200000174559999855e-01,6.400000349119999710e-01,1.280000069823999942e+00,2.560000139647999884e+00,5.120000279295999768e+00,2.080000113464000044e+00,3.840000322175999958e+00,2.400017953919997282e-01,3.840000294528000069e+00,3.840000209472000048e+00
0.000000000000000000e+00,0.000000000000000000e+00,0.000000000000000000e+00,0.000000000000000000e+00,0.000000000000000000e+00,0.000000000000000000e+00,0.000000000000000000e+00,0.000000000000000000e+00,0.000000000000000000e+00,0.000000000000000000e+00,-1.584004684953599806e+01,5.120002393855999756e+00,1.024000478771199951e+01,4.160001945008000135e+00,3.200000245440000057e-01,6.400000490880000115e-01,1.280000098176000023e+00,2.560000196352000046e+00,5.120000392704000092e+00,1.024000078540800018e+01,4.160000319072000075e+00,3.200000174559999855e-01,6.400000349119999710e-01,1.280000069823999942e+00,2.560000139647999884e+00,5.120000279295999768e+00,1.024000055859199954e+01,4.160000226928000089e+00,7.680000644351999917e+00,4.800035907839994564e-01,7.680000589056000138e+00,7.680000418944000096e+00
0.000000000000000000e+00,0.000000000000000000e+00,0.000000000000000000e+00,0.000000000000000000e+00,0.000000000000000000e+00,0.000000000000000000e+00,0.000000000000000000e+00,0.000000000000000000e+00,0.000000000000000000e+00,0.000000000000000000e+00,0.000000000000000000e+00,-2.912009250214399714e+01,2.048000957542399902e+01,8.320003890016000270e+00,6.400000490880000115e-01,1.280000098176000023e+00,2.560000196352000046e+00,5.120000392704000092e+00,1.024000078540800018e+01,2.048000157081600037e+01,8.320000638144000149e+00,6.400000349119999710e-01,1.280000069823999942e+00,2.560000139647999884e+00,5.120000279295999768e+00,1.024000055859199954e+01,2.048000111718399907e+01,8.320000453856000178e+00,1.536000128870399983e+01,9.600071815679989129e-01,1.536000117811200028e+01,1.536000083788800019e+01
0.000000000000000000e+00,0.000000000000000000e+00,0.000000000000000000e+00,0.000000000000000000e+00,0.000000000000000000e+00,0.000000000000000000e+00,0.000000000000000000e+00,0.000000000000000000e+00,0.000000000000000000e+00,0.000000000000000000e+00,0.000000000000000000e+00,0.000000000000000000e+00,-4.800018021657599832e+01,1.664000778003200054e+01,1.280000098176000023e+00,2.560000196352000046e+00,5.120000392704000092e+00,1.024000078540800018e+01,2.048000157081600037e+01,4.096000314163200073e+01,1.664000127628800030e+01,1.280000069823999942e+00,2.560000139647999884e+00,5.120000279295999768e+00,1.024000055859199954e+01,2.048000111718399907e+01,4.096000223436799814e+01,1.664000090771200036e+01,3.072000257740799967e+01,1.920014363135997826e+00,3.072000235622400055e+01,3.072000167577600038e+01
0.000000000000000000e+00,0.000000000000000000e+00,0.000000000000000000e+00,0.000000000000000000e+00,0.000000000000000000e+00,0.000000000000000000e+00,0.000000000000000000e+00,0.000000000000000000e+00,0.000000000000000000e+00,0.000000000000000000e+00,0.000000000000000000e+00,0.000000000000000000e+00,0.000000000000000000e+00,-2.444007552268099914e+01,5.200000398840000093e-01,1.040000079768000019e+00,2.080000159536000037e+00,4.160000319072000075e+00,8.320000638144000149e+00,1.664000127628800030e+01,6.760000518492000232e+00,5.200000283660000111e-01,1.040000056732000022e+00,2.080000113464000044e+00,4.160000226928000089e+00,8.320000453856000178e+00,1.664000090771200036e+01,6.760000368758000810e+00,1.248000104707199931e+01,7.800058350239975624e-01,1.248000095721599934e+01,1.248000068078399849e+01
0.000000000000000000e+00,0.000000000000000000e+00,0.000000000000000000e+00,0.000000000000000000e+00,0.000000000000000000e+00,0.000000000000000000e+00,0.000000000000000000e+00,0.000000000000000000e+00,0.000000000000000000e+00,0.000000000000000000e+00,0.000000000000000000e+00,0.000000000000000000e+00,0.000000000000000000e+00,0.000000000000000000e+00,-2.120028556712999723e+00,8.000003714799999721e-02,1.600000742959999944e-01,3.200001485919999888e-01,6.400002971839999777e-01,1.280000594367999955e+00,5.200002414619999680e-01,4.000000181200000227e-02,8.000000362400000453e-02,1.600000072480000091e-01,3.200000144960000181e-01,6.400000289920000363e-01,1.280000057984000073e+00,5.200000235560000572e-01,9.600000974879999704e-01,9.600000736320000172e-01,6.000044577599994433e-02,9.600000434879999434e-01
0.000000000000000000e+00,0.000000000000000000e+00,0.000000000000000000e+00,0.000000000000000000e+00,0.000000000000000000e+00,0.000000000000000000e+00,0.000000000000000000e+00,0.000000000000000000e+00,0.000000000000000000e+00,0.000000000000000000e+00,0.000000000000000000e+00,0.000000000000000000e+00,0.000000000000000000e+00,0.000000000000000000e+00,0.000000000000000000e+00,-4.200057094852000183e+00,3.200001485919999888e-01,6.400002971839999777e-01,1.280000594367999955e+00,2.560001188735999911e+00,1.040000482923999936e+00,8.000000362400000453e-02,1.600000072480000091e-01,3.200000144960000181e-01,6.400000289920000363e-01,1.280000057984000073e+00,2.560000115968000145e+00,1.040000047112000114e+00,1.920000194975999941e+00,1.920000147264000034e+00,1.200008915519998887e-01,1.920000086975999887e+00
0.000000000000000000e+00,0.000000000000000000e+00,0.000000000000000000e+00,0.000000000000000000e+00,0.000000000000000000e+00,0.000000000000000000e+00,0.000000000000000000e+00,0.000000000000000000e+00,0.000000000000000000e+00,0.000000000000000000e+00,0.000000000000000000e+00,0.000000000000000000e+00,0.000000000000000000e+00,0.000000000000000000e+00,0.000000000000000000e+00,0.000000000000000000e+00,-8.240114115407999762e+00,1.280000594367999955e+00,2.560001188735999911e+00,5.120002377471999822e+00,2.080000965847999872e+00,1.600000072480000091e-01,3.200000144960000181e-01,6.400000289920000363e-01,1.280000057984000073e+00,2.560000115968000145e+00,5.120000231936000290e+00,2.080000094224000229e+00,3.840000389951999882e+00,3.840000294528000069e+00,2.400017831039997773e-01,3.840000173951999773e+00
0.000000000000000000e+00,0.000000000000000000e+00,0.000000000000000000e+00,0.000000000000000000e+00,0.000000000000000000e+00,0.000000000000000000e+00,0.000000000000000000e+00,0.000000000000000000e+00,0.000000000000000000e+00,0.000000000000000000e+00,0.000000000000000000e+00,0.000000000000000000e+00,0.000000000000000000e+00,0.000000000000000000e+00,0.000000000000000000e+00,0.000000000000000000e+00,0.000000000000000000e+00,-1.584022793363199888e+01,5.120002377471999822e+00,1.024000475494399964e+01,4.160001931695999744e+00,3.200000144960000181e-01,6.400000289920000363e-01,1.280000057984000073e+00,2.560000115968000145e+00,5.120000231936000290e+00,1.024000046387200058e+01,4.160000188448000458e+00,7.680000779903999764e+00,7.680000589056000138e+00,4.800035662079995546e-01,7.680000347903999547e+00
0.000000000000000000e+00,0.000000000000000000e+00,0.000000000000000000e+00,0.000000000000000000e+00,0.000000000000000000e+00,0.000000000000000000e+00,0.000000000000000000e+00,0.000000000000000000e+00,0.000000000000000000e+00,0.000000000000000000e+00,0.000000000000000000e+00,0.000000000000000000e+00,0.000000000000000000e+00,0.000000000000000000e+00,0.000000000000000000e+00,0.000000000000000000e+00,0.000000000000000000e+00,0.000000000000000000e+00,-2.912045467852799518e+01,2.048000950988799929e+01,8.320003863391999488e+00,6.400000289920000363e-01,1.280000057984000073e+00,2.560000115968000145e+00,5.120000231936000290e+00,1.024000046387200058e+01,2.048000092774400116e+01,8.320000376896000915e+00,1.536000155980799953e+01,1.536000117811200028e+01,9.600071324159991093e-01,1.536000069580799909e+01
0.000000000000000000e+00,0.000000000000000000e+00,0.000000000000000000e+00,0.000000000000000000e+00,0.000000000000000000e+00,0.000000000000000000e+00,0.000000000000000000e+00,0.000000000000000000e+00,0.000000000000000000e+00,0.000000000000000000e+00,0.000000000000000000e+00,0.000000000000000000e+00,0.000000000000000000e+00,0.000000000000000000e+00,0.000000000000000000e+00,0.000000000000000000e+00,0.000000000000000000e+00,0.000000000000000000e+00,0.000000000000000000e+00,-4.800090460211200138e+01,1.664000772678399898e+01,1.280000057984000073e+00,2.560000115968000145e+00,5.120000231936000290e+00,1.024000046387200058e+01,2.048000092774400116e+01,4.096000185548800232e+01,1.664000075379200183e+01,3.072000311961599905e+01,3.072000235622400055e+01,1.920014264831998219e+00,3.072000139161599819e+01
0.000000000000000000e+00,0.000000000000000000e+00,0.000000000000000000e+00,0.000000000000000000e+00,0.000000000000000000e+00,0.000000000000000000e+00,0.000000000000000000e+00,0.000000000000000000e+00,0.000000000000000000e+00,0.000000000000000000e+00,0.000000000000000000e+00,0.000000000000000000e+00,0.000000000000000000e+00,0.000000000000000000e+00,0.000000000000000000e+00,0.000000000000000000e+00,0.000000000000000000e+00,0.000000000000000000e+00,0.000000000000000000e+00,0.000000000000000000e+00,-2.444036978849700148e+01,5.200000235560000572e-01,1.040000047112000114e+00,2.080000094224000229e+00,4.160000188448000458e+00,8.320000376896000915e+00,1.664000075379200183e+01,6.760000306228000966e+00,1.248000126734399906e+01,1.248000095721599934e+01,7.800057950879981661e-01,1.248000056534399782e+01
0.000000000000000000e+00,0.000000000000000000e+00,0.000000000000000000e+00,0.000000000000000000e+00,0.000000000000000000e+00,0.000000000000000000e+00,0.000000000000000000e+00,0.000000000000000000e+00,0.000000000000000000e+00,0.000000000000000000e+00,0.000000000000000000e+00,0.000000000000000000e+00,0.000000000000000000e+00,0.000000000000000000e+00,0.000000000000000000e+00,0.000000000000000000e+00,0.000000000000000000e+00,0.000000000000000000e+00,0.000000000000000000e+00,0.000000000000000000e+00,0.000000000000000000e+00,-2.120012380204999936e+00,8.000005118000000359e-02,1.600001023600000072e-01,3.200002047200000144e-01,6.400004094400000287e-01,1.280000818880000057e+00,5.200003326700000095e-01,9.600002007360000089e-01,9.600000523680000120e-01,9.600000434879999434e-01,6.000061415999990988e-02
0.000000000000000000e+00,0.000000000000000000e+00,0.000000000000000000e+00,0.000000000000000000e+00,0.000000000000000000e+00,0.000000000000000000e+00,0.000000000000000000e+00,0.000000000000000000e+00,0.000000000000000000e+00,0.000000000000000000e+00,0.000000000000000000e+00,0.000000000000000000e+00,0.000000000000000000e+00,0.000000000000000000e+00,0.000000000000000000e+00,0.000000000000000000e+00,0.000000000000000000e+00,0.000000000000000000e+00,0.000000000000000000e+00,0.000000000000000000e+00,0.000000000000000000e+00,0.000000000000000000e+00,-4.200024734819999495e+00,3.200002047200000144e-01,6.400004094400000287e-01,1.280000818880000057e+00,2.560001637760000115e+00,1.040000665340000019e+00,1.920000401472000018e+00,1.920000104736000024e+00,1.920000086975999887e+00,1.200012283199998198e-01
0.000000000000000000e+00,0.000000000000000000e+00,0.000000000000000000e+00,0.000000000000000000e+00,0.000000000000000000e+00,0.000000000000000000e+00,0.000000000000000000e+00,0.000000000000000000e+00,0.000000000000000000e+00,0.000000000000000000e+00,0.000000000000000000e+00,0.000000000000000000e+00,0.000000000000000000e+00,0.000000000000000000e+00,0.000000000000000000e+00,0.000000000000000000e+00,0.000000000000000000e+00,0.000000000000000000e+00,0.000000000000000000e+00,0.000000000000000000e+00,0.000000000000000000e+00,0.000000000000000000e+00,0.000000000000000000e+00,-8.240049367279999259e+00,1.280000818880000057e+00,2.560001637760000115e+00,5.120003275520000230e+00,2.080001330680000038e+00,3.840000802944000036e+00,3.840000209472000048e+00,3.840000173951999773e+00,2.400024566399996395e-01
0.000000000000000000e+00,0.000000000000000000e+00,0.000000000000000000e+00,0.000000000000000000e+00,0.000000000000000000e+00,0.000000000000000000e+00,0.000000000000000000e+00,0.000000000000000000e+00,0.000000000000000000e+00,0.000000000000000000e+00,0.000000000000000000e+00,0.000000000000000000e+00,0.000000000000000000e+00,0.000000000000000000e+00,0.000000000000000000e+00,0.000000000000000000e+00,0.000000000000000000e+00,0.000000000000000000e+00,0.000000000000000000e+00,0.000000000000000000e+00,0.000000000000000000e+00,0.000000000000000000e+00,0.000000000000000000e+00,0.000000000000000000e+00,-1.584009832511999960e+01,5.120003275520000230e+00,1.024000655104000046e+01,4.160002661360000076e+00,7.680001605888000071e+00,7.680000418944000096e+00,7.680000347903999547e+00,4.800049132799992790e-01
0.000000000000000000e+00,0.000000000000000000e+00,0.000000000000000000e+00,0.000000000000000000e+00,0.000000000000000000e+00,0.000000000000000000e+00,0.000000000000000000e+00,0.000000000000000000e+00,0.000000000000000000e+00,0.000000000000000000e+00,0.000000000000000000e+00,0.000000000000000000e+00,0.000000000000000000e+00,0.000000000000000000e+00,0.000000000000000000e+00,0.000000000000000000e+00,0.000000000000000000e+00,0.000000000000000000e+00,0.000000000000000000e+00,0.000000000000000000e+00,0.000000000000000000e+00,0.000000000000000000e+00,0.000000000000000000e+00,0.000000000000000000e+00,0.000000000000000000e+00,-2.912019501247999642e+01,2.048001310208000092e+01,8.320005322720000152e+00,1.536000321177600014e+01,1.536000083788800019e+01,1.536000069580799909e+01,9.600098265599985581e-01
0.000000000000000000e+00,0.000000000000000000e+00,0.000000000000000000e+00,0.000000000000000000e+00,0.000000000000000000e+00,0.000000000000000000e+00,0.000000000000000000e+00,0.000000000000000000e+00,0.000000000000000000e+00,0.000000000000000000e+00,0.000000000000000000e+00,0.000000000000000000e+00,0.000000000000000000e+00,0.000000000000000000e+00,0.000000000000000000e+00,0.000000000000000000e+00,0.000000000000000000e+00,0.000000000000000000e+00,0.000000000000000000e+00,0.000000000000000000e+00,0.000000000000000000e+00,0.000000000000000000e+00,0.000000000000000000e+00,0.000000000000000000e+00,0.000000000000000000e+00,0.000000000000000000e+00,-4.800038347391999594e+01,1.664001064544000030e+01,3.072000642355200029e+01,3.072000167577600038e+01,3.072000139161599819e+01,1.920019653119997116e+00
0.000000000000000000e+00,0.000000000000000000e+00,0.000000000000000000e+00,0.000000000000000000e+00,0.000000000000000000e+00,0.000000000000000000e+00,0.000000000000000000e+00,0.000000000000000000e+00,0.000000000000000000e+00,0.000000000000000000e+00,0.000000000000000000e+00,0.000000000000000000e+00,0.000000000000000000e+00,0.000000000000000000e+00,0.000000000000000000e+00,0.000000000000000000e+00,0.000000000000000000e+00,0.000000000000000000e+00,0.000000000000000000e+00,0.000000000000000000e+00,0.000000000000000000e+00,0.000000000000000000e+00,0.000000000000000000e+00,0.000000000000000000e+00,0.000000000000000000e+00,0.000000000000000000e+00,0.000000000000000000e+00,-2.444015894664499911e+01,1.248000260956799856e+01,1.248000068078399849e+01,1.248000056534399782e+01,7.800079840799973852e-01
0.000000000000000000e+00,0.000000000000000000e+00,0.000000000000000000e+00,0.000000000000000000e+00,0.000000000000000000e+00,0.000000000000000000e+00,0.000000000000000000e+00,0.000000000000000000e+00,0.000000000000000000e+00,0.000000000000000000e+00,0.000000000000000000e+00,0.000000000000000000e+00,0.000000000000000000e+00,0.000000000000000000e+00,0.000000000000000000e+00,0.000000000000000000e+00,0.000000000000000000e+00,0.000000000000000000e+00,0.000000000000000000e+00,0.000000000000000000e+00,0.000000000000000000e+00,0.000000000000000000e+00,0.000000000000000000e+00,0.000000000000000000e+00,0.000000000000000000e+00,0.000000000000000000e+00,0.000000000000000000e+00,0.000000000000000000e+00,-3.314410239932159925e+02,2.030400019330560042e+02,2.030400023397120037e+02,2.030400048176639984e+02
0.000000000000000000e+00,0.000000000000000000e+00,0.000000000000000000e+00,0.000000000000000000e+00,0.000000000000000000e+00,0.000000000000000000e+00,0.000000000000000000e+00,0.000000000000000000e+00,0.000000000000000000e+00,0.000000000000000000e+00,0.000000000000000000e+00,0.000000000000000000e+00,0.000000000000000000e+00,0.000000000000000000e+00,0.000000000000000000e+00,0.000000000000000000e+00,0.000000000000000000e+00,0.000000000000000000e+00,0.000000000000000000e+00,0.000000000000000000e+00,0.000000000000000000e+00,0.000000000000000000e+00,0.000000000000000000e+00,0.000000000000000000e+00,0.000000000000000000e+00,0.000000000000000000e+00,0.000000000000000000e+00,0.000000000000000000e+00,0.000000000000000000e+00,-3.314401369578239951e+02,2.030400017671679791e+02,2.030400012568319994e+02
0.000000000000000000e+00,0.000000000000000000e+00,0.000000000000000000e+00,0.000000000000000000e+00,0.000000000000000000e+00,0.000000000000000000e+00,0.000000000000000000e+00,0.000000000000000000e+00,0.000000000000000000e+00,0.000000000000000000e+00,0.000000000000000000e+00,0.000000000000000000e+00,0.000000000000000000e+00,0.000000000000000000e+00,0.000000000000000000e+00,0.000000000000000000e+00,0.000000000000000000e+00,0.000000000000000000e+00,0.000000000000000000e+00,0.000000000000000000e+00,0.000000000000000000e+00,0.000000000000000000e+00,0.000000000000000000e+00,0.000000000000000000e+00,0.000000000000000000e+00,0.000000000000000000e+00,0.000000000000000000e+00,0.000000000000000000e+00,0.000000000000000000e+00,0.000000000000000000e+00,-3.314406802346879886e+02,2.030400010437119818e+02
0.000000000000000000e+00,0.000000000000000000e+00,0.000000000000000000e+00,0.000000000000000000e+00,0.000000000000000000e+00,0.000000000000000000e+00,0.000000000000000000e+00,0.000000000000000000e+00,0.000000000000000000e+00,0.000000000000000000e+00,0.000000000000000000e+00,0.000000000000000000e+00,0.000000000000000000e+00,0.000000000000000000e+00,0.000000000000000000e+00,0.000000000000000000e+00,0.000000000000000000e+00,0.000000000000000000e+00,0.000000000000000000e+00,0.000000000000000000e+00,0.000000000000000000e+00,0.000000000000000000e+00,0.000000000000000000e+00,0.000000000000000000e+00,0.000000000000000000e+00,0.000000000000000000e+00,0.000000000000000000e+00,0.000000000000000000e+00,0.000000000000000000e+00,0.000000000000000000e+00,0.000000000000000000e+00,-3.314402900620800096e+02
