-2.085046046440000023e-01,6.000773424000000085e-03,1.200154684800000017e-02,2.400309369600000034e-02,4.800618739200000068e-02,9.601237478400000136e-02,3.900502725600000359e-02,3.000030203999999937e-03,6.000060407999999873e-03,1.200012081599999975e-02,2.400024163199999949e-02,4.800048326399999898e-02,9.600096652799999797e-02,3.900039265200000438e-02,3.000036558000000134e-03,6.000073116000000269e-03,1.200014623200000054e-02,2.400029246400000107e-02,4.800058492800000215e-02,9.600116985600000430e-02,3.900047525400000825e-02,3.000075276000000249e-03,6.000150552000000498e-03,1.200030110400000100e-02,2.400060220800000199e-02,4.800120441600000398e-02,9.600240883200000797e-02,3.900097858800000844e-02,-1.799071891200000606e-02,7.200072489599999848e-02,7.200087739199999282e-02,7.200180662399999210e-02
0.000000000000000000e+00,-4.140088225760000795e-01,2.400309369600000034e-02,4.800618739200000068e-02,9.601237478400000136e-02,1.920247495680000027e-01,7.801005451200000718e-02,6.000060407999999873e-03,1.200012081599999975e-02,2.400024163199999949e-02,4.800048326399999898e-02,9.600096652799999797e-02,1.920019330559999959e-01,7.800078530400000876e-02,6.000073116000000269e-03,1.200014623200000054e-02,2.400029246400000107e-02,4.800058492800000215e-02,9.600116985600000430e-02,1.920023397120000086e-01,7.800095050800001650e-02,6.000150552000000498e-03,1.200030110400000100e-02,2.400060220800000199e-02,4.800120441600000398e-02,9.600240883200000797e-02,1.920048176640000159e-01,7.800195717600001688e-02,-3.598143782400001212e-02,1.440014497919999970e-01,1.440017547839999856e-01,1.440036132479999842e-01
0.000000000000000000e+00,0.000000000000000000e+00,-8.160160983039999039e-01,9.601237478400000136e-02,1.920247495680000027e-01,3.840494991360000054e-01,1.560201090240000144e-01,1.200012081599999975e-02,2.400024163199999949e-02,4.800048326399999898e-02,9.600096652799999797e-02,1.920019330559999959e-01,3.840038661119999919e-01,1.560015706080000175e-01,1.200014623200000054e-02,2.400029246400000107e-02,4.800058492800000215e-02,9.600116985600000430e-02,1.920023397120000086e-01,3.840046794240000172e-01,1.560019010160000330e-01,1.200030110400000100e-02,2.400060220800000199e-02,4.800120441600000398e-02,9.600240883200000797e-02,1.920048176640000159e-01,3.840096353280000319e-01,1.560039143520000338e-01,-7.196287564800002423e-02,2.880028995839999939e-01,2.880035095679999713e-01,2.880072264959999684e-01
0.000000000000000000e+00,0.000000000000000000e+00,0.000000000000000000e+00,-1.584026009216000341e+00,3.840494991360000054e-01,7.680989982720000109e-01,3.120402180480000287e-01,2.400024163199999949e-02,4.800048326399999898e-02,9.600096652799999797e-02,1.920019330559999959e-01,3.840038661119999919e-01,7.680077322239999837e-01,3.120031412160000350e-01,2.400029246400000107e-02,4.800058492800000215e-02,9.600116985600000430e-02,1.920023397120000086e-01,3.840046794240000172e-01,7.680093588480000344e-01,3.120038020320000660e-01,2.400060220800000199e-02,4.800120441600000398e-02,9.600240883200000797e-02,1.920048176640000159e-01,3.840096353280000319e-01,7.680192706560000637e-01,3.120078287040000675e-01,-1.439257512960000485e-01,5.760057991679999878e-01,5.760070191359999425e-01,5.760144529919999368e-01
0.000000000000000000e+00,0.000000000000000000e+00,0.000000000000000000e+00,0.000000000000000000e+00,-2.976027268864000597e+00,1.536197996544000022e+00,6.240804360960000574e-01,4.800048326399999898e-02,9.600096652799999797e-02,1.920019330559999959e-01,3.840038661119999919e-01,7.680077322239999837e-01,1.536015464447999967e+00,6.240062824320000701e-01,4.800058492800000215e-02,9.600116985600000430e-02,1.920023397120000086e-01,3.840046794240000172e-01,7.680093588480000344e-01,1.536018717696000069e+00,6.240076040640001320e-01,4.800120441600000398e-02,9.600240883200000797e-02,1.920048176640000159e-01,3.840096353280000319e-01,7.680192706560000637e-01,1.536038541312000127e+00,6.240156574080001350e-01,-2.878515025920000969e-01,1.152011598335999976e+00,1.152014038271999885e+00,1.152028905983999874e+00
0.000000000000000000e+00,0.000000000000000000e+00,0.000000000000000000e+00,0.000000000000000000e+00,0.000000000000000000e+00,-5.183955539455999961e+00,1.248160872192000115e+00,9.600096652799999797e-02,1.920019330559999959e-01,3.840038661119999919e-01,7.680077322239999837e-01,1.536015464447999967e+00,3.072030928895999935e+00,1.248012564864000140e+00,9.600116985600000430e-02,1.920023397120000086e-01,3.840046794240000172e-01,7.680093588480000344e-01,1.536018717696000069e+00,3.072037435392000138e+00,1.248015208128000264e+00,9.600240883200000797e-02,1.920048176640000159e-01,3.840096353280000319e-01,7.680192706560000637e-01,1.536038541312000127e+00,3.072077082624000255e+00,1.248031314816000270e+00,-5.757030051840001939e-01,2.304023196671999951e+00,2.304028076543999770e+00,2.304057811967999747e+00
0.000000000000000000e+00,0.000000000000000000e+00,0.000000000000000000e+00,0.000000000000000000e+00,0.000000000000000000e+00,0.000000000000000000e+00,-2.476529696836000216e+00,3.900039265200000438e-02,7.800078530400000876e-02,1.560015706080000175e-01,3.120031412160000350e-01,6.240062824320000701e-01,1.248012564864000140e+00,5.070051044760000014e-01,3.900047525400000825e-02,7.800095050800001650e-02,1.560019010160000330e-01,3.120038020320000660e-01,6.240076040640001320e-01,1.248015208128000264e+00,5.070061783020000101e-01,3.900097858800000844e-02,7.800195717600001688e-02,1.560039143520000338e-01,3.120078287040000675e-01,6.240156574080001350e-01,1.248031314816000270e+00,5.070127216440000195e-01,-2.338793458560000094e-01,9.360094236479999941e-01,9.360114060959999760e-01,9.360234861119999250e-01
0.000000000000000000e+00,0.000000000000000000e+00,0.000000000000000000e+00,0.000000000000000000e+00,0.000000000000000000e+00,0.000000000000000000e+00,0.000000000000000000e+00,-2.085005748409999859e-01,6.000336636000000272e-03,1.200067327200000054e-02,2.400134654400000109e-02,4.800269308800000218e-02,9.600538617600000435e-02,3.900218813400000567e-02,3.000027611999999885e-03,6.000055223999999771e-03,1.200011044799999954e-02,2.400022089599999908e-02,4.800044179199999816e-02,9.600088358399999633e-02,3.900035895600000718e-02,3.000019638000000089e-03,6.000039276000000178e-03,1.200007855200000036e-02,2.400015710400000071e-02,4.800031420800000143e-02,9.600062841600000285e-02,3.900025529400000940e-02,7.200072489599999848e-02,-1.799596036799999688e-02,7.200066268799999725e-02,7.200047131199999173e-02
0.000000000000000000e+00,0.000000000000000000e+00,0.000000000000000000e+00,0.000000000000000000e+00,0.000000000000000000e+00,0.000000000000000000e+00,0.000000000000000000e+00,0.000000000000000000e+00,-4.140009813640000980e-01,2.400134654400000109e-02,4.800269308800000218e-02,9.600538617600000435e-02,1.920107723520000087e-01,7.800437626800001134e-02,6.000055223999999771e-03,1.200011044799999954e-02,2.400022089599999908e-02,4.800044179199999816e-02,9.600088358399999633e-02,1.920017671679999927e-01,7.800071791200001436e-02,6.000039276000000178e-03,1.200007855200000036e-02,2.400015710400000071e-02,4.800031420800000143e-02,9.600062841600000285e-02,1.920012568320000057e-01,7.800051058800001880e-02,1.440014497919999970e-01,-3.599192073599999375e-02,1.440013253759999945e-01,1.440009426239999835e-01
0.000000000000000000e+00,0.000000000000000000e+00,0.000000000000000000e+00,0.000000000000000000e+00,0.000000000000000000e+00,0.000000000000000000e+00,0.000000000000000000e+00,0.000000000000000000e+00,0.000000000000000000e+00,-8.160012894559999230e-01,9.600538617600000435e-02,1.920107723520000087e-01,3.840215447040000174e-01,1.560087525360000227e-01,1.200011044799999954e-02,2.400022089599999908e-02,4.800044179199999816e-02,9.600088358399999633e-02,1.920017671679999927e-01,3.840035343359999853e-01,1.560014358240000287e-01,1.200007855200000036e-02,2.400015710400000071e-02,4.800031420800000143e-02,9.600062841600000285e-02,1.920012568320000057e-01,3.840025136640000114e-01,1.560010211760000376e-01,2.880028995839999939e-01,-7.198384147199998750e-02,2.880026507519999890e-01,2.880018852479999669e-01
0.000000000000000000e+00,0.000000000000000000e+00,0.000000000000000000e+00,0.000000000000000000e+00,0.000000000000000000e+00,0.000000000000000000e+00,0.000000000000000000e+00,0.000000000000000000e+00,0.000000000000000000e+00,0.000000000000000000e+00,-1.583999885824000309e+00,3.840215447040000174e-01,7.680430894080000348e-01,3.120175050720000454e-01,2.400022089599999908e-02,4.800044179199999816e-02,9.600088358399999633e-02,1.920017671679999927e-01,3.840035343359999853e-01,7.680070686719999706e-01,3.120028716480000575e-01,2.400015710400000071e-02,4.800031420800000143e-02,9.600062841600000285e-02,1.920012568320000057e-01,3.840025136640000114e-01,7.680050273280000228e-01,3.120020423520000752e-01,5.760057991679999878e-01,-1.439676829439999750e-01,5.760053015039999780e-01,5.760037704959999338e-01
0.000000000000000000e+00,0.000000000000000000e+00,0.000000000000000000e+00,0.000000000000000000e+00,0.000000000000000000e+00,0.000000000000000000e+00,0.000000000000000000e+00,0.000000000000000000e+00,0.000000000000000000e+00,0.000000000000000000e+00,0.000000000000000000e+00,-2.975988999296000692e+00,1.536086178816000070e+00,6.240350101440000907e-01,4.800044179199999816e-02,9.600088358399999633e-02,1.920017671679999927e-01,3.840035343359999853e-01,7.680070686719999706e-01,1.536014137343999941e+00,6.240057432960001149e-01,4.800031420800000143e-02,9.600062841600000285e-02,1.920012568320000057e-01,3.840025136640000114e-01,7.680050273280000228e-01,1.536010054656000046e+00,6.240040847040001504e-01,1.152011598335999976e+00,-2.879353658879999500e-01,1.152010603007999956e+00,1.152007540991999868e+00
0.000000000000000000e+00,0.000000000000000000e+00,0.000000000000000000e+00,0.000000000000000000e+00,0.000000000000000000e+00,0.000000000000000000e+00,0.000000000000000000e+00,0.000000000000000000e+00,0.000000000000000000e+00,0.000000000000000000e+00,0.000000000000000000e+00,0.000000000000000000e+00,-5.183934909183999906e+00,1.248070020288000181e+00,9.600088358399999633e-02,1.920017671679999927e-01,3.840035343359999853e-01,7.680070686719999706e-01,1.536014137343999941e+00,3.072028274687999883e+00,1.248011486592000230e+00,9.600062841600000285e-02,1.920012568320000057e-01,3.840025136640000114e-01,7.680050273280000228e-01,1.536010054656000046e+00,3.072020109312000091e+00,1.248008169408000301e+00,2.304023196671999951e+00,-5.758707317759999000e-01,2.304021206015999912e+00,2.304015081983999735e+00
0.000000000000000000e+00,0.000000000000000000e+00,0.000000000000000000e+00,0.000000000000000000e+00,0.000000000000000000e+00,0.000000000000000000e+00,0.000000000000000000e+00,0.000000000000000000e+00,0.000000000000000000e+00,0.000000000000000000e+00,0.000000000000000000e+00,0.000000000000000000e+00,0.000000000000000000e+00,-2.476494344129000158e+00,3.900035895600000718e-02,7.800071791200001436e-02,1.560014358240000287e-01,3.120028716480000575e-01,6.240057432960001149e-01,1.248011486592000230e+00,5.070046664280000170e-01,3.900025529400000940e-02,7.800051058800001880e-02,1.560010211760000376e-01,3.120020423520000752e-01,6.240040847040001504e-01,1.248008169408000301e+00,5.070033188220000042e-01,9.360094236479999941e-01,-2.339474847839999594e-01,9.360086149439998948e-01,9.360061270559999480e-01
0.000000000000000000e+00,0.000000000000000000e+00,0.000000000000000000e+00,0.000000000000000000e+00,0.000000000000000000e+00,0.000000000000000000e+00,0.000000000000000000e+00,0.000000000000000000e+00,0.000000000000000000e+00,0.000000000000000000e+00,0.000000000000000000e+00,0.000000000000000000e+00,0.000000000000000000e+00,0.000000000000000000e+00,-2.085030904169999921e-01,6.000334331999999937e-03,1.200066866399999987e-02,2.400133732799999975e-02,4.800267465599999950e-02,9.600534931199999900e-02,3.900217315800001000e-02,3.000016307999999951e-03,6.000032615999999902e-03,1.200006523199999980e-02,2.400013046399999961e-02,4.800026092799999922e-02,9.600052185599999843e-02,3.900021200400000804e-02,7.200087739199999282e-02,7.200066268799999725e-02,-1.799598801599999742e-02,7.200039139199999882e-02
0.000000000000000000e+00,0.000000000000000000e+00,0.000000000000000000e+00,0.000000000000000000e+00,0.000000000000000000e+00,0.000000000000000000e+00,0.000000000000000000e+00,0.000000000000000000e+00,0.000000000000000000e+00,0.000000000000000000e+00,0.000000000000000000e+00,0.000000000000000000e+00,0.000000000000000000e+00,0.000000000000000000e+00,0.000000000000000000e+00,-4.140060136680000502e-01,2.400133732799999975e-02,4.800267465599999950e-02,9.600534931199999900e-02,1.920106986239999980e-01,7.800434631600002000e-02,6.000032615999999902e-03,1.200006523199999980e-02,2.400013046399999961e-02,4.800026092799999922e-02,9.600052185599999843e-02,1.920010437119999969e-01,7.800042400800001607e-02,1.440017547839999856e-01,1.440013253759999945e-01,-3.599197603199999485e-02,1.440007827839999976e-01
0.000000000000000000e+00,0.000000000000000000e+00,0.000000000000000000e+00,0.000000000000000000e+00,0.000000000000000000e+00,0.000000000000000000e+00,0.000000000000000000e+00,0.000000000000000000e+00,0.000000000000000000e+00,0.000000000000000000e+00,0.000000000000000000e+00,0.000000000000000000e+00,0.000000000000000000e+00,0.000000000000000000e+00,0.000000000000000000e+00,0.000000000000000000e+00,-8.160113586719999201e-01,9.600534931199999900e-02,1.920106986239999980e-01,3.840213972479999960e-01,1.560086926320000400e-01,1.200006523199999980e-02,2.400013046399999961e-02,4.800026092799999922e-02,9.600052185599999843e-02,1.920010437119999969e-01,3.840020874239999937e-01,1.560008480160000321e-01,2.880035095679999713e-01,2.880026507519999890e-01,-7.198395206399998969e-02,2.880015655679999953e-01
0.000000000000000000e+00,0.000000000000000000e+00,0.000000000000000000e+00,0.000000000000000000e+00,0.000000000000000000e+00,0.000000000000000000e+00,0.000000000000000000e+00,0.000000000000000000e+00,0.000000000000000000e+00,0.000000000000000000e+00,0.000000000000000000e+00,0.000000000000000000e+00,0.000000000000000000e+00,0.000000000000000000e+00,0.000000000000000000e+00,0.000000000000000000e+00,0.000000000000000000e+00,-1.584020042688000451e+00,3.840213972479999960e-01,7.680427944959999920e-01,3.120173852640000800e-01,2.400013046399999961e-02,4.800026092799999922e-02,9.600052185599999843e-02,1.920010437119999969e-01,3.840020874239999937e-01,7.680041748479999875e-01,3.120016960320000643e-01,5.760070191359999425e-01,5.760053015039999780e-01,-1.439679041279999794e-01,5.760031311359999906e-01
0.000000000000000000e+00,0.000000000000000000e+00,0.000000000000000000e+00,0.000000000000000000e+00,0.000000000000000000e+00,0.000000000000000000e+00,0.000000000000000000e+00,0.000000000000000000e+00,0.000000000000000000e+00,0.000000000000000000e+00,0.000000000000000000e+00,0.000000000000000000e+00,0.000000000000000000e+00,0.000000000000000000e+00,0.000000000000000000e+00,0.000000000000000000e+00,0.000000000000000000e+00,0.000000000000000000e+00,-2.976029386752000683e+00,1.536085588991999984e+00,6.240347705280001600e-01,4.800026092799999922e-02,9.600052185599999843e-02,1.920010437119999969e-01,3.840020874239999937e-01,7.680041748479999875e-01,1.536008349695999975e+00,6.240033920640001286e-01,1.152014038271999885e+00,1.152010603007999956e+00,-2.879358082559999588e-01,1.152006262271999981e+00
0.000000000000000000e+00,0.000000000000000000e+00,0.000000000000000000e+00,0.000000000000000000e+00,0.000000000000000000e+00,0.000000000000000000e+00,0.000000000000000000e+00,0.000000000000000000e+00,0.000000000000000000e+00,0.000000000000000000e+00,0.000000000000000000e+00,0.000000000000000000e+00,0.000000000000000000e+00,0.000000000000000000e+00,0.000000000000000000e+00,0.000000000000000000e+00,0.000000000000000000e+00,0.000000000000000000e+00,0.000000000000000000e+00,-5.184015979008000485e+00,1.248069541056000320e+00,9.600052185599999843e-02,1.920010437119999969e-01,3.840020874239999937e-01,7.680041748479999875e-01,1.536008349695999975e+00,3.072016699391999950e+00,1.248006784128000257e+00,2.304028076543999770e+00,2.304021206015999912e+00,-5.758716165119999175e-01,2.304012524543999962e+00
0.000000000000000000e+00,0.000000000000000000e+00,0.000000000000000000e+00,0.000000000000000000e+00,0.000000000000000000e+00,0.000000000000000000e+00,0.000000000000000000e+00,0.000000000000000000e+00,0.000000000000000000e+00,0.000000000000000000e+00,0.000000000000000000e+00,0.000000000000000000e+00,0.000000000000000000e+00,0.000000000000000000e+00,0.000000000000000000e+00,0.000000000000000000e+00,0.000000000000000000e+00,0.000000000000000000e+00,0.000000000000000000e+00,0.000000000000000000e+00,-2.476527136472999935e+00,3.900021200400000804e-02,7.800042400800001607e-02,1.560008480160000321e-01,3.120016960320000643e-01,6.240033920640001286e-01,1.248006784128000257e+00,5.070027560519999588e-01,9.360114060959999760e-01,9.360086149439998948e-01,-2.339478442080000775e-01,9.360050880959999153e-01
0.000000000000000000e+00,0.000000000000000000e+00,0.000000000000000000e+00,0.000000000000000000e+00,0.000000000000000000e+00,0.000000000000000000e+00,0.000000000000000000e+00,0.000000000000000000e+00,0.000000000000000000e+00,0.000000000000000000e+00,0.000000000000000000e+00,0.000000000000000000e+00,0.000000000000000000e+00,0.000000000000000000e+00,0.000000000000000000e+00,0.000000000000000000e+00,0.000000000000000000e+00,0.000000000000000000e+00,0.000000000000000000e+00,0.000000000000000000e+00,0.000000000000000000e+00,-2.085012618450000077e-01,6.000460620000000120e-03,1.200092124000000024e-02,2.400184248000000048e-02,4.800368496000000096e-02,9.600736992000000192e-02,3.900299403000000859e-02,7.200180662399999210e-02,7.200047131199999173e-02,7.200039139199999882e-02,-1.799447256000000217e-02
0.000000000000000000e+00,0.000000000000000000e+00,0.000000000000000000e+00,0.000000000000000000e+00,0.000000000000000000e+00,0.000000000000000000e+00,0.000000000000000000e+00,0.000000000000000000e+00,0.000000000000000000e+00,0.000000000000000000e+00,0.000000000000000000e+00,0.000000000000000000e+00,0.000000000000000000e+00,0.000000000000000000e+00,0.000000000000000000e+00,0.000000000000000000e+00,0.000000000000000000e+00,0.000000000000000000e+00,0.000000000000000000e+00,0.000000000000000000e+00,0.000000000000000000e+00,0.000000000000000000e+00,-4.140022933800000526e-01,2.400184248000000048e-02,4.800368496000000096e-02,9.600736992000000192e-02,1.920147398400000038e-01,7.800598806000001717e-02,1.440036132479999842e-01,1.440009426239999835e-01,1.440007827839999976e-01,-3.598894512000000434e-02
0.000000000000000000e+00,0.000000000000000000e+00,0.000000000000000000e+00,0.000000000000000000e+00,0.000000000000000000e+00,0.000000000000000000e+00,0.000000000000000000e+00,0.000000000000000000e+00,0.000000000000000000e+00,0.000000000000000000e+00,0.000000000000000000e+00,0.000000000000000000e+00,0.000000000000000000e+00,0.000000000000000000e+00,0.000000000000000000e+00,0.000000000000000000e+00,0.000000000000000000e+00,0.000000000000000000e+00,0.000000000000000000e+00,0.000000000000000000e+00,0.000000000000000000e+00,0.000000000000000000e+00,0.000000000000000000e+00,-8.160036655199999212e-01,9.600736992000000192e-02,1.920147398400000038e-01,3.840294796800000077e-01,1.560119761200000343e-01,2.880072264959999684e-01,2.880018852479999669e-01,2.880015655679999953e-01,-7.197789024000000868e-02
0.000000000000000000e+00,0.000000000000000000e+00,0.000000000000000000e+00,0.000000000000000000e+00,0.000000000000000000e+00,0.000000000000000000e+00,0.000000000000000000e+00,0.000000000000000000e+00,0.000000000000000000e+00,0.000000000000000000e+00,0.000000000000000000e+00,0.000000000000000000e+00,0.000000000000000000e+00,0.000000000000000000e+00,0.000000000000000000e+00,0.000000000000000000e+00,0.000000000000000000e+00,0.000000000000000000e+00,0.000000000000000000e+00,0.000000000000000000e+00,0.000000000000000000e+00,0.000000000000000000e+00,0.000000000000000000e+00,0.000000000000000000e+00,-1.584003646080000216e+00,3.840294796800000077e-01,7.680589593600000153e-01,3.120239522400000687e-01,5.760144529919999368e-01,5.760037704959999338e-01,5.760031311359999906e-01,-1.439557804800000174e-01
0.000000000000000000e+00,0.000000000000000000e+00,0.000000000000000000e+00,0.000000000000000000e+00,0.000000000000000000e+00,0.000000000000000000e+00,0.000000000000000000e+00,0.000000000000000000e+00,0.000000000000000000e+00,0.000000000000000000e+00,0.000000000000000000e+00,0.000000000000000000e+00,0.000000000000000000e+00,0.000000000000000000e+00,0.000000000000000000e+00,0.000000000000000000e+00,0.000000000000000000e+00,0.000000000000000000e+00,0.000000000000000000e+00,0.000000000000000000e+00,0.000000000000000000e+00,0.000000000000000000e+00,0.000000000000000000e+00,0.000000000000000000e+00,0.000000000000000000e+00,-2.975992552320000151e+00,1.536117918720000031e+00,6.240479044800001374e-01,1.152028905983999874e+00,1.152007540991999868e+00,1.152006262271999981e+00,-2.879115609600000347e-01
0.000000000000000000e+00,0.000000000000000000e+00,0.000000000000000000e+00,0.000000000000000000e+00,0.000000000000000000e+00,0.000000000000000000e+00,0.000000000000000000e+00,0.000000000000000000e+00,0.000000000000000000e+00,0.000000000000000000e+00,0.000000000000000000e+00,0.000000000000000000e+00,0.000000000000000000e+00,0.000000000000000000e+00,0.000000000000000000e+00,0.000000000000000000e+00,0.000000000000000000e+00,0.000000000000000000e+00,0.000000000000000000e+00,0.000000000000000000e+00,0.000000000000000000e+00,0.000000000000000000e+00,0.000000000000000000e+00,0.000000000000000000e+00,0.000000000000000000e+00,0.000000000000000000e+00,-5.183926145280000064e+00,1.248095808960000275e+00,2.304057811967999747e+00,2.304015081983999735e+00,2.304012524543999962e+00,-5.758231219200000695e-01
0.000000000000000000e+00,0.000000000000000000e+00,0.000000000000000000e+00,0.000000000000000000e+00,0.000000000000000000e+00,0.000000000000000000e+00,0.000000000000000000e+00,0.000000000000000000e+00,0.000000000000000000e+00,0.000000000000000000e+00,0.000000000000000000e+00,0.000000000000000000e+00,0.000000000000000000e+00,0.000000000000000000e+00,0.000000000000000000e+00,0.000000000000000000e+00,0.000000000000000000e+00,0.000000000000000000e+00,0.000000000000000000e+00,0.000000000000000000e+00,0.000000000000000000e+00,0.000000000000000000e+00,0.000000000000000000e+00,0.000000000000000000e+00,0.000000000000000000e+00,0.000000000000000000e+00,0.000000000000000000e+00,-2.476498439804999840e+00,9.360234861119999250e-01,9.360061270559999480e-01,9.360050880959999153e-01,-2.339281432800000005e-01
0.000000000000000000e+00,0.000000000000000000e+00,0.000000000000000000e+00,0.000000000000000000e+00,0.000000000000000000e+00,0.000000000000000000e+00,0.000000000000000000e+00,0.000000000000000000e+00,0.000000000000000000e+00,0.000000000000000000e+00,0.000000000000000000e+00,0.000000000000000000e+00,0.000000000000000000e+00,0.000000000000000000e+00,0.000000000000000000e+00,0.000000000000000000e+00,0.000000000000000000e+00,0.000000000000000000e+00,0.000000000000000000e+00,0.000000000000000000e+00,0.000000000000000000e+00,0.000000000000000000e+00,0.000000000000000000e+00,0.000000000000000000e+00,0.000000000000000000e+00,0.000000000000000000e+00,0.000000000000000000e+00,0.000000000000000000e+00,-3.333600377894399713e+01,1.972801739750400074e+01,1.972802105740800016e+01,1.972804335897600225e+01
0.000000000000000000e+00,0.000000000000000000e+00,0.000000000000000000e+00,0.000000000000000000e+00,0.000000000000000000e+00,0.000000000000000000e+00,0.000000000000000000e+00,0.000000000000000000e+00,0.000000000000000000e+00,0.000000000000000000e+00,0.000000000000000000e+00,0.000000000000000000e+00,0.000000000000000000e+00,0.000000000000000000e+00,0.000000000000000000e+00,0.000000000000000000e+00,0.000000000000000000e+00,0.000000000000000000e+00,0.000000000000000000e+00,0.000000000000000000e+00,0.000000000000000000e+00,0.000000000000000000e+00,0.000000000000000000e+00,0.000000000000000000e+00,0.000000000000000000e+00,0.000000000000000000e+00,0.000000000000000000e+00,0.000000000000000000e+00,0.000000000000000000e+00,-3.333596734041599774e+01,1.972801590451200227e+01,1.972801131148800025e+01
0.000000000000000000e+00,0.000000000000000000e+00,0.000000000000000000e+00,0.000000000000000000e+00,0.000000000000000000e+00,0.000000000000000000e+00,0.000000000000000000e+00,0.000000000000000000e+00,0.000000000000000000e+00,0.000000000000000000e+00,0.000000000000000000e+00,0.000000000000000000e+00,0.000000000000000000e+00,0.000000000000000000e+00,0.000000000000000000e+00,0.000000000000000000e+00,0.000000000000000000e+00,0.000000000000000000e+00,0.000000000000000000e+00,0.000000000000000000e+00,0.000000000000000000e+00,0.000000000000000000e+00,0.000000000000000000e+00,0.000000000000000000e+00,0.000000000000000000e+00,0.000000000000000000e+00,0.000000000000000000e+00,0.000000000000000000e+00,0.000000000000000000e+00,0.000000000000000000e+00,-3.333602803219199728e+01,1.972800939340800142e+01
0.000000000000000000e+00,0.000000000000000000e+00,0.000000000000000000e+00,0.000000000000000000e+00,0.000000000000000000e+00,0.000000000000000000e+00,0.000000000000000000e+00,0.000000000000000000e+00,0.000000000000000000e+00,0.000000000000000000e+00,0.000000000000000000e+00,0.000000000000000000e+00,0.000000000000000000e+00,0.000000000000000000e+00,0.000000000000000000e+00,0.000000000000000000e+00,0.000000000000000000e+00,0.000000000000000000e+00,0.000000000000000000e+00,0.000000000000000000e+00,0.000000000000000000e+00,0.000000000000000000e+00,0.000000000000000000e+00,0.000000000000000000e+00,0.000000000000000000e+00,0.000000000000000000e+00,0.000000000000000000e+00,0.000000000000000000e+00,0.000000000000000000e+00,0.000000000000000000e+00,0.000000000000000000e+00,-3.333596671872000172e+01
