4.999539535599950568e-02,2.000007734240000223e-01,4.000015468480000447e-01,8.000030936960000894e-01,1.600006187392000179e+00,3.200012374784000357e+00,1.300005027256000201e+00,1.000000302040000011e-01,2.000000604080000022e-01,4.000001208160000044e-01,8.000002416320000087e-01,1.600000483264000017e+00,3.200000966528000035e+00,1.300000392652000292e+00,1.000000365580000078e-01,2.000000731160000156e-01,4.000001462320000312e-01,8.000002924640000623e-01,1.600000584928000125e+00,3.200001169856000249e+00,1.300000475254000198e+00,1.000000752760000083e-01,2.000001505520000167e-01,4.000003011040000334e-01,8.000006022080000667e-01,1.600001204416000133e+00,3.200002408832000267e+00,1.300000978588000233e+00,-7.599990718912000176e+00,2.400000724896000026e+00,2.400000877391999854e+00,2.400001806624000089e+00
0.000000000000000000e+00,1.999911774239997442e-01,8.000030936960000894e-01,1.600006187392000179e+00,3.200012374784000357e+00,6.400024749568000715e+00,2.600010054512000401e+00,2.000000604080000022e-01,4.000001208160000044e-01,8.000002416320000087e-01,1.600000483264000017e+00,3.200000966528000035e+00,6.400001933056000070e+00,2.600000785304000583e+00,2.000000731160000156e-01,4.000001462320000312e-01,8.000002924640000623e-01,1.600000584928000125e+00,3.200001169856000249e+00,6.400002339712000499e+00,2.600000950508000397e+00,2.000001505520000167e-01,4.000003011040000334e-01,8.000006022080000667e-01,1.600001204416000133e+00,3.200002408832000267e+00,6.400004817664000534e+00,2.600001957176000467e+00,-1.519998143782400035e+01,4.800001449792000052e+00,4.800001754783999708e+00,4.800003613248000178e+00
0.000000000000000000e+00,0.000000000000000000e+00,7.999839016960024196e-01,3.200012374784000357e+00,6.400024749568000715e+00,1.280004949913600143e+01,5.200020109024000803e+00,4.000001208160000044e-01,8.000002416320000087e-01,1.600000483264000017e+00,3.200000966528000035e+00,6.400001933056000070e+00,1.280000386611200014e+01,5.200001570608001167e+00,4.000001462320000312e-01,8.000002924640000623e-01,1.600000584928000125e+00,3.200001169856000249e+00,6.400002339712000499e+00,1.280000467942400100e+01,5.200001901016000794e+00,4.000003011040000334e-01,8.000006022080000667e-01,1.600001204416000133e+00,3.200002408832000267e+00,6.400004817664000534e+00,1.280000963532800107e+01,5.200003914352000933e+00,-3.039996287564800070e+01,9.600002899584000104e+00,9.600003509567999416e+00,9.600007226496000357e+00
0.000000000000000000e+00,0.000000000000000000e+00,0.000000000000000000e+00,3.199973990783988143e+00,1.280004949913600143e+01,2.560009899827200286e+01,1.040004021804800161e+01,8.000002416320000087e-01,1.600000483264000017e+00,3.200000966528000035e+00,6.400001933056000070e+00,1.280000386611200014e+01,2.560000773222400028e+01,1.040000314121600233e+01,8.000002924640000623e-01,1.600000584928000125e+00,3.200001169856000249e+00,6.400002339712000499e+00,1.280000467942400100e+01,2.560000935884800199e+01,1.040000380203200159e+01,8.000006022080000667e-01,1.600001204416000133e+00,3.200002408832000267e+00,6.400004817664000534e+00,1.280000963532800107e+01,2.560001927065600213e+01,1.040000782870400187e+01,-6.079992575129600141e+01,1.920000579916800021e+01,1.920000701913599883e+01,1.920001445299200071e+01
0.000000000000000000e+00,0.000000000000000000e+00,0.000000000000000000e+00,0.000000000000000000e+00,1.279997273113602319e+01,5.120019799654400572e+01,2.080008043609600321e+01,1.600000483264000017e+00,3.200000966528000035e+00,6.400001933056000070e+00,1.280000386611200014e+01,2.560000773222400028e+01,5.120001546444800056e+01,2.080000628243200467e+01,1.600000584928000125e+00,3.200001169856000249e+00,6.400002339712000499e+00,1.280000467942400100e+01,2.560000935884800199e+01,5.120001871769600399e+01,2.080000760406400317e+01,1.600001204416000133e+00,3.200002408832000267e+00,6.400004817664000534e+00,1.280000963532800107e+01,2.560001927065600213e+01,5.120003854131200427e+01,2.080001565740800373e+01,-1.215998515025920028e+02,3.840001159833600042e+01,3.840001403827199766e+01,3.840002890598400143e+01
0.000000000000000000e+00,0.000000000000000000e+00,0.000000000000000000e+00,0.000000000000000000e+00,0.000000000000000000e+00,5.120004446054400660e+01,4.160016087219200642e+01,3.200000966528000035e+00,6.400001933056000070e+00,1.280000386611200014e+01,2.560000773222400028e+01,5.120001546444800056e+01,1.024000309288960011e+02,4.160001256486400933e+01,3.200001169856000249e+00,6.400002339712000499e+00,1.280000467942400100e+01,2.560000935884800199e+01,5.120001871769600399e+01,1.024000374353920080e+02,4.160001520812800635e+01,3.200002408832000267e+00,6.400004817664000534e+00,1.280000963532800107e+01,2.560001927065600213e+01,5.120003854131200427e+01,1.024000770826240085e+02,4.160003131481600747e+01,-2.431997030051840056e+02,7.680002319667200084e+01,7.680002807654399533e+01,7.680005781196800285e+01
0.000000000000000000e+00,0.000000000000000000e+00,0.000000000000000000e+00,0.000000000000000000e+00,0.000000000000000000e+00,0.000000000000000000e+00,8.449970303163979679e+00,1.300000392652000292e+00,2.600000785304000583e+00,5.200001570608001167e+00,1.040000314121600233e+01,2.080000628243200467e+01,4.160001256486400933e+01,1.690000510447600135e+01,1.300000475254000198e+00,2.600000950508000397e+00,5.200001901016000794e+00,1.040000380203200159e+01,2.080000760406400317e+01,4.160001520812800635e+01,1.690000617830200369e+01,1.300000978588000233e+00,2.600001957176000467e+00,5.200003914352000933e+00,1.040000782870400187e+01,2.080001565740800373e+01,4.160003131481600747e+01,1.690001272164400348e+01,-9.879987934585598452e+01,3.120000942364799812e+01,3.120001140609599943e+01,3.120002348611199849e+01
0.000000000000000000e+00,0.000000000000000000e+00,0.000000000000000000e+00,0.000000000000000000e+00,0.000000000000000000e+00,0.000000000000000000e+00,0.000000000000000000e+00,4.999942515899924445e-02,2.000003366360000034e-01,4.000006732720000069e-01,8.000013465440000138e-01,1.600002693088000028e+00,3.200005386176000055e+00,1.300002188134000258e+00,1.000000276120000114e-01,2.000000552240000229e-01,4.000001104480000458e-01,8.000002208960000916e-01,1.600000441792000183e+00,3.200000883584000366e+00,1.300000358956000301e+00,1.000000196380000095e-01,2.000000392760000190e-01,4.000000785520000379e-01,8.000001571040000758e-01,1.600000314208000152e+00,3.200000628416000303e+00,1.300000255294000207e+00,2.400000724896000026e+00,-7.599995960368000070e+00,2.400000662687999942e+00,2.400000471312000005e+00
0.000000000000000000e+00,0.000000000000000000e+00,0.000000000000000000e+00,0.000000000000000000e+00,0.000000000000000000e+00,0.000000000000000000e+00,0.000000000000000000e+00,0.000000000000000000e+00,1.999990186359994482e-01,8.000013465440000138e-01,1.600002693088000028e+00,3.200005386176000055e+00,6.400010772352000110e+00,2.600004376268000517e+00,2.000000552240000229e-01,4.000001104480000458e-01,8.000002208960000916e-01,1.600000441792000183e+00,3.200000883584000366e+00,6.400001767168000733e+00,2.600000717912000603e+00,2.000000392760000190e-01,4.000000785520000379e-01,8.000001571040000758e-01,1.600000314208000152e+00,3.200000628416000303e+00,6.400001256832000607e+00,2.600000510588000413e+00,4.800001449792000052e+00,-1.519999192073600014e+01,4.800001325375999883e+00,4.800000942624000011e+00
0.000000000000000000e+00,0.000000000000000000e+00,0.000000000000000000e+00,0.000000000000000000e+00,0.000000000000000000e+00,0.000000000000000000e+00,0.000000000000000000e+00,0.000000000000000000e+00,0.000000000000000000e+00,7.999987105440027335e-01,3.200005386176000055e+00,6.400010772352000110e+00,1.280002154470400022e+01,5.200008752536001033e+00,4.000001104480000458e-01,8.000002208960000916e-01,1.600000441792000183e+00,3.200000883584000366e+00,6.400001767168000733e+00,1.280000353433600147e+01,5.200001435824001206e+00,4.000000785520000379e-01,8.000001571040000758e-01,1.600000314208000152e+00,3.200000628416000303e+00,6.400001256832000607e+00,1.280000251366400121e+01,5.200001021176000826e+00,9.600002899584000104e+00,-3.039998384147200028e+01,9.600002650751999766e+00,9.600001885248000022e+00
0.000000000000000000e+00,0.000000000000000000e+00,0.000000000000000000e+00,0.000000000000000000e+00,0.000000000000000000e+00,0.000000000000000000e+00,0.000000000000000000e+00,0.000000000000000000e+00,0.000000000000000000e+00,0.000000000000000000e+00,3.200000114175992394e+00,1.280002154470400022e+01,2.560004308940800044e+01,1.040001750507200207e+01,8.000002208960000916e-01,1.600000441792000183e+00,3.200000883584000366e+00,6.400001767168000733e+00,1.280000353433600147e+01,2.560000706867200293e+01,1.040000287164800241e+01,8.000001571040000758e-01,1.600000314208000152e+00,3.200000628416000303e+00,6.400001256832000607e+00,1.280000251366400121e+01,2.560000502732800243e+01,1.040000204235200165e+01,1.920000579916800021e+01,-6.079996768294400056e+01,1.920000530150399953e+01,1.920000377049600004e+01
0.000000000000000000e+00,0.000000000000000000e+00,0.000000000000000000e+00,0.000000000000000000e+00,0.000000000000000000e+00,0.000000000000000000e+00,0.000000000000000000e+00,0.000000000000000000e+00,0.000000000000000000e+00,0.000000000000000000e+00,0.000000000000000000e+00,1.280001100070401776e+01,5.120008617881600088e+01,2.080003501014400413e+01,1.600000441792000183e+00,3.200000883584000366e+00,6.400001767168000733e+00,1.280000353433600147e+01,2.560000706867200293e+01,5.120001413734400586e+01,2.080000574329600482e+01,1.600000314208000152e+00,3.200000628416000303e+00,6.400001256832000607e+00,1.280000251366400121e+01,2.560000502732800243e+01,5.120001005465600485e+01,2.080000408470400330e+01,3.840001159833600042e+01,-1.215999353658880011e+02,3.840001060300799907e+01,3.840000754099200009e+01
0.000000000000000000e+00,0.000000000000000000e+00,0.000000000000000000e+00,0.000000000000000000e+00,0.000000000000000000e+00,0.000000000000000000e+00,0.000000000000000000e+00,0.000000000000000000e+00,0.000000000000000000e+00,0.000000000000000000e+00,0.000000000000000000e+00,0.000000000000000000e+00,5.120006509081599688e+01,4.160007002028800827e+01,3.200000883584000366e+00,6.400001767168000733e+00,1.280000353433600147e+01,2.560000706867200293e+01,5.120001413734400586e+01,1.024000282746880117e+02,4.160001148659200965e+01,3.200000628416000303e+00,6.400001256832000607e+00,1.280000251366400121e+01,2.560000502732800243e+01,5.120001005465600485e+01,1.024000201093120097e+02,4.160000816940800661e+01,7.680002319667200084e+01,-2.431998707317760022e+02,7.680002120601599813e+01,7.680001508198400018e+01
0.000000000000000000e+00,0.000000000000000000e+00,0.000000000000000000e+00,0.000000000000000000e+00,0.000000000000000000e+00,0.000000000000000000e+00,0.000000000000000000e+00,0.000000000000000000e+00,0.000000000000000000e+00,0.000000000000000000e+00,0.000000000000000000e+00,0.000000000000000000e+00,0.000000000000000000e+00,8.450005655870995724e+00,1.300000358956000301e+00,2.600000717912000603e+00,5.200001435824001206e+00,1.040000287164800241e+01,2.080000574329600482e+01,4.160001148659200965e+01,1.690000466642800347e+01,1.300000255294000207e+00,2.600000510588000413e+00,5.200001021176000826e+00,1.040000204235200165e+01,2.080000408470400330e+01,4.160000816940800661e+01,1.690000331882200157e+01,3.120000942364799812e+01,-9.879994748478399913e+01,3.120000861494400013e+01,3.120000612705599963e+01
0.000000000000000000e+00,0.000000000000000000e+00,0.000000000000000000e+00,0.000000000000000000e+00,0.000000000000000000e+00,0.000000000000000000e+00,0.000000000000000000e+00,0.000000000000000000e+00,0.000000000000000000e+00,0.000000000000000000e+00,0.000000000000000000e+00,0.000000000000000000e+00,0.000000000000000000e+00,0.000000000000000000e+00,4.999690958299929378e-02,2.000003343320000126e-01,4.000006686640000253e-01,8.000013373280000506e-01,1.600002674656000101e+00,3.200005349312000202e+00,1.300002173158000263e+00,1.000000163080000115e-01,2.000000326160000230e-01,4.000000652320000460e-01,8.000001304640000921e-01,1.600000260928000184e+00,3.200000521856000368e+00,1.300000212004000177e+00,2.400000877391999854e+00,2.400000662687999942e+00,-7.599995988015999515e+00,2.400000391392000054e+00
0.000000000000000000e+00,0.000000000000000000e+00,0.000000000000000000e+00,0.000000000000000000e+00,0.000000000000000000e+00,0.000000000000000000e+00,0.000000000000000000e+00,0.000000000000000000e+00,0.000000000000000000e+00,0.000000000000000000e+00,0.000000000000000000e+00,0.000000000000000000e+00,0.000000000000000000e+00,0.000000000000000000e+00,0.000000000000000000e+00,1.999939863320001621e-01,8.000013373280000506e-01,1.600002674656000101e+00,3.200005349312000202e+00,6.400010698624000405e+00,2.600004346316000525e+00,2.000000326160000230e-01,4.000000652320000460e-01,8.000001304640000921e-01,1.600000260928000184e+00,3.200000521856000368e+00,6.400001043712000737e+00,2.600000424008000355e+00,4.800001754783999708e+00,4.800001325375999883e+00,-1.519999197603199903e+01,4.800000782784000108e+00
0.000000000000000000e+00,0.000000000000000000e+00,0.000000000000000000e+00,0.000000000000000000e+00,0.000000000000000000e+00,0.000000000000000000e+00,0.000000000000000000e+00,0.000000000000000000e+00,0.000000000000000000e+00,0.000000000000000000e+00,0.000000000000000000e+00,0.000000000000000000e+00,0.000000000000000000e+00,0.000000000000000000e+00,0.000000000000000000e+00,0.000000000000000000e+00,7.999886413280066222e-01,3.200005349312000202e+00,6.400010698624000405e+00,1.280002139724800081e+01,5.200008692632001051e+00,4.000000652320000460e-01,8.000001304640000921e-01,1.600000260928000184e+00,3.200000521856000368e+00,6.400001043712000737e+00,1.280000208742400147e+01,5.200000848016000710e+00,9.600003509567999416e+00,9.600002650751999766e+00,-3.039998395206399806e+01,9.600001565568000217e+00
0.000000000000000000e+00,0.000000000000000000e+00,0.000000000000000000e+00,0.000000000000000000e+00,0.000000000000000000e+00,0.000000000000000000e+00,0.000000000000000000e+00,0.000000000000000000e+00,0.000000000000000000e+00,0.000000000000000000e+00,0.000000000000000000e+00,0.000000000000000000e+00,0.000000000000000000e+00,0.000000000000000000e+00,0.000000000000000000e+00,0.000000000000000000e+00,0.000000000000000000e+00,3.199979957311981593e+00,1.280002139724800081e+01,2.560004279449600162e+01,1.040001738526400210e+01,8.000001304640000921e-01,1.600000260928000184e+00,3.200000521856000368e+00,6.400001043712000737e+00,1.280000208742400147e+01,2.560000417484800295e+01,1.040000169603200142e+01,1.920000701913599883e+01,1.920000530150399953e+01,-6.079996790412799612e+01,1.920000313113600043e+01
0.000000000000000000e+00,0.000000000000000000e+00,0.000000000000000000e+00,0.000000000000000000e+00,0.000000000000000000e+00,0.000000000000000000e+00,0.000000000000000000e+00,0.000000000000000000e+00,0.000000000000000000e+00,0.000000000000000000e+00,0.000000000000000000e+00,0.000000000000000000e+00,0.000000000000000000e+00,0.000000000000000000e+00,0.000000000000000000e+00,0.000000000000000000e+00,0.000000000000000000e+00,0.000000000000000000e+00,1.279997061324800711e+01,5.120008558899200324e+01,2.080003477052800420e+01,1.600000260928000184e+00,3.200000521856000368e+00,6.400001043712000737e+00,1.280000208742400147e+01,2.560000417484800295e+01,5.120000834969600589e+01,2.080000339206400284e+01,3.840001403827199766e+01,3.840001060300799907e+01,-1.215999358082559922e+02,3.840000626227200087e+01
0.000000000000000000e+00,0.000000000000000000e+00,0.000000000000000000e+00,0.000000000000000000e+00,0.000000000000000000e+00,0.000000000000000000e+00,0.000000000000000000e+00,0.000000000000000000e+00,0.000000000000000000e+00,0.000000000000000000e+00,0.000000000000000000e+00,0.000000000000000000e+00,0.000000000000000000e+00,0.000000000000000000e+00,0.000000000000000000e+00,0.000000000000000000e+00,0.000000000000000000e+00,0.000000000000000000e+00,0.000000000000000000e+00,5.119998402099196255e+01,4.160006954105600840e+01,3.200000521856000368e+00,6.400001043712000737e+00,1.280000208742400147e+01,2.560000417484800295e+01,5.120000834969600589e+01,1.024000166993920118e+02,4.160000678412800568e+01,7.680002807654399533e+01,7.680002120601599813e+01,-2.431998716165119845e+02,7.680001252454400174e+01
0.000000000000000000e+00,0.000000000000000000e+00,0.000000000000000000e+00,0.000000000000000000e+00,0.000000000000000000e+00,0.000000000000000000e+00,0.000000000000000000e+00,0.000000000000000000e+00,0.000000000000000000e+00,0.000000000000000000e+00,0.000000000000000000e+00,0.000000000000000000e+00,0.000000000000000000e+00,0.000000000000000000e+00,0.000000000000000000e+00,0.000000000000000000e+00,0.000000000000000000e+00,0.000000000000000000e+00,0.000000000000000000e+00,0.000000000000000000e+00,8.449972863526994615e+00,1.300000212004000177e+00,2.600000424008000355e+00,5.200000848016000710e+00,1.040000169603200142e+01,2.080000339206400284e+01,4.160000678412800568e+01,1.690000275605200386e+01,3.120001140609599943e+01,3.120000861494400013e+01,-9.879994784420800613e+01,3.120000508809599893e+01
0.000000000000000000e+00,0.000000000000000000e+00,0.000000000000000000e+00,0.000000000000000000e+00,0.000000000000000000e+00,0.000000000000000000e+00,0.000000000000000000e+00,0.000000000000000000e+00,0.000000000000000000e+00,0.000000000000000000e+00,0.000000000000000000e+00,0.000000000000000000e+00,0.000000000000000000e+00,0.000000000000000000e+00,0.000000000000000000e+00,0.000000000000000000e+00,0.000000000000000000e+00,0.000000000000000000e+00,0.000000000000000000e+00,0.000000000000000000e+00,0.000000000000000000e+00,4.999873815499888963e-02,2.000004606200000146e-01,4.000009212400000291e-01,8.000018424800000583e-01,1.600003684960000117e+00,3.200007369920000233e+00,1.300002994030000192e+00,2.400001806624000089e+00,2.400000471312000005e+00,2.400000391392000054e+00,-7.599994472559998826e+00
0.000000000000000000e+00,0.000000000000000000e+00,0.000000000000000000e+00,0.000000000000000000e+00,0.000000000000000000e+00,0.000000000000000000e+00,0.000000000000000000e+00,0.000000000000000000e+00,0.000000000000000000e+00,0.000000000000000000e+00,0.000000000000000000e+00,0.000000000000000000e+00,0.000000000000000000e+00,0.000000000000000000e+00,0.000000000000000000e+00,0.000000000000000000e+00,0.000000000000000000e+00,0.000000000000000000e+00,0.000000000000000000e+00,0.000000000000000000e+00,0.000000000000000000e+00,0.000000000000000000e+00,1.999977066199996045e-01,8.000018424800000583e-01,1.600003684960000117e+00,3.200007369920000233e+00,6.400014739840000466e+00,2.600005988060000384e+00,4.800003613248000178e+00,4.800000942624000011e+00,4.800000782784000108e+00,-1.519998894511999765e+01
0.000000000000000000e+00,0.000000000000000000e+00,0.000000000000000000e+00,0.000000000000000000e+00,0.000000000000000000e+00,0.000000000000000000e+00,0.000000000000000000e+00,0.000000000000000000e+00,0.000000000000000000e+00,0.000000000000000000e+00,0.000000000000000000e+00,0.000000000000000000e+00,0.000000000000000000e+00,0.000000000000000000e+00,0.000000000000000000e+00,0.000000000000000000e+00,0.000000000000000000e+00,0.000000000000000000e+00,0.000000000000000000e+00,0.000000000000000000e+00,0.000000000000000000e+00,0.000000000000000000e+00,0.000000000000000000e+00,7.999963344800065101e-01,3.200007369920000233e+00,6.400014739840000466e+00,1.280002947968000093e+01,5.200011976120000767e+00,9.600007226496000357e+00,9.600001885248000022e+00,9.600001565568000217e+00,-3.039997789023999530e+01
0.000000000000000000e+00,0.000000000000000000e+00,0.000000000000000000e+00,0.000000000000000000e+00,0.000000000000000000e+00,0.000000000000000000e+00,0.000000000000000000e+00,0.000000000000000000e+00,0.000000000000000000e+00,0.000000000000000000e+00,0.000000000000000000e+00,0.000000000000000000e+00,0.000000000000000000e+00,0.000000000000000000e+00,0.000000000000000000e+00,0.000000000000000000e+00,0.000000000000000000e+00,0.000000000000000000e+00,0.000000000000000000e+00,0.000000000000000000e+00,0.000000000000000000e+00,0.000000000000000000e+00,0.000000000000000000e+00,0.000000000000000000e+00,3.199996353919985381e+00,1.280002947968000093e+01,2.560005895936000186e+01,1.040002395224000153e+01,1.920001445299200071e+01,1.920000377049600004e+01,1.920000313113600043e+01,-6.079995578047999061e+01
0.000000000000000000e+00,0.000000000000000000e+00,0.000000000000000000e+00,0.000000000000000000e+00,0.000000000000000000e+00,0.000000000000000000e+00,0.000000000000000000e+00,0.000000000000000000e+00,0.000000000000000000e+00,0.000000000000000000e+00,0.000000000000000000e+00,0.000000000000000000e+00,0.000000000000000000e+00,0.000000000000000000e+00,0.000000000000000000e+00,0.000000000000000000e+00,0.000000000000000000e+00,0.000000000000000000e+00,0.000000000000000000e+00,0.000000000000000000e+00,0.000000000000000000e+00,0.000000000000000000e+00,0.000000000000000000e+00,0.000000000000000000e+00,0.000000000000000000e+00,1.280000744768000231e+01,5.120011791872000373e+01,2.080004790448000307e+01,3.840002890598400143e+01,3.840000754099200009e+01,3.840000626227200087e+01,-1.215999115609599812e+02
0.000000000000000000e+00,0.000000000000000000e+00,0.000000000000000000e+00,0.000000000000000000e+00,0.000000000000000000e+00,0.000000000000000000e+00,0.000000000000000000e+00,0.000000000000000000e+00,0.000000000000000000e+00,0.000000000000000000e+00,0.000000000000000000e+00,0.000000000000000000e+00,0.000000000000000000e+00,0.000000000000000000e+00,0.000000000000000000e+00,0.000000000000000000e+00,0.000000000000000000e+00,0.000000000000000000e+00,0.000000000000000000e+00,0.000000000000000000e+00,0.000000000000000000e+00,0.000000000000000000e+00,0.000000000000000000e+00,0.000000000000000000e+00,0.000000000000000000e+00,0.000000000000000000e+00,5.120007385471996031e+01,4.160009580896000614e+01,7.680005781196800285e+01,7.680001508198400018e+01,7.680001252454400174e+01,-2.431998231219199624e+02
0.000000000000000000e+00,0.000000000000000000e+00,0.000000000000000000e+00,0.000000000000000000e+00,0.000000000000000000e+00,0.000000000000000000e+00,0.000000000000000000e+00,0.000000000000000000e+00,0.000000000000000000e+00,0.000000000000000000e+00,0.000000000000000000e+00,0.000000000000000000e+00,0.000000000000000000e+00,0.000000000000000000e+00,0.000000000000000000e+00,0.000000000000000000e+00,0.000000000000000000e+00,0.000000000000000000e+00,0.000000000000000000e+00,0.000000000000000000e+00,0.000000000000000000e+00,0.000000000000000000e+00,0.000000000000000000e+00,0.000000000000000000e+00,0.000000000000000000e+00,0.000000000000000000e+00,0.000000000000000000e+00,8.450001560194976946e+00,3.120002348611199849e+01,3.120000612705599963e+01,3.120000508809599893e+01,-9.879992814327998474e+01
0.000000000000000000e+00,0.000000000000000000e+00,0.000000000000000000e+00,0.000000000000000000e+00,0.000000000000000000e+00,0.000000000000000000e+00,0.000000000000000000e+00,0.000000000000000000e+00,0.000000000000000000e+00,0.000000000000000000e+00,0.000000000000000000e+00,0.000000000000000000e+00,0.000000000000000000e+00,0.000000000000000000e+00,0.000000000000000000e+00,0.000000000000000000e+00,0.000000000000000000e+00,0.000000000000000000e+00,0.000000000000000000e+00,0.000000000000000000e+00,0.000000000000000000e+00,0.000000000000000000e+00,0.000000000000000000e+00,0.000000000000000000e+00,0.000000000000000000e+00,0.000000000000000000e+00,0.000000000000000000e+00,0.000000000000000000e+00,-3.211200003778943938e+03,2.057600017397503962e+03,2.057600021057407957e+03,2.057600043358976109e+03
0.000000000000000000e+00,0.000000000000000000e+00,0.000000000000000000e+00,0.000000000000000000e+00,0.000000000000000000e+00,0.000000000000000000e+00,0.000000000000000000e+00,0.000000000000000000e+00,0.000000000000000000e+00,0.000000000000000000e+00,0.000000000000000000e+00,0.000000000000000000e+00,0.000000000000000000e+00,0.000000000000000000e+00,0.000000000000000000e+00,0.000000000000000000e+00,0.000000000000000000e+00,0.000000000000000000e+00,0.000000000000000000e+00,0.000000000000000000e+00,0.000000000000000000e+00,0.000000000000000000e+00,0.000000000000000000e+00,0.000000000000000000e+00,0.000000000000000000e+00,0.000000000000000000e+00,0.000000000000000000e+00,0.000000000000000000e+00,0.000000000000000000e+00,-3.211199967340415697e+03,2.057600015904512020e+03,2.057600011311487833e+03
0.000000000000000000e+00,0.000000000000000000e+00,0.000000000000000000e+00,0.000000000000000000e+00,0.000000000000000000e+00,0.000000000000000000e+00,0.000000000000000000e+00,0.000000000000000000e+00,0.000000000000000000e+00,0.000000000000000000e+00,0.000000000000000000e+00,0.000000000000000000e+00,0.000000000000000000e+00,0.000000000000000000e+00,0.000000000000000000e+00,0.000000000000000000e+00,0.000000000000000000e+00,0.000000000000000000e+00,0.000000000000000000e+00,0.000000000000000000e+00,0.000000000000000000e+00,0.000000000000000000e+00,0.000000000000000000e+00,0.000000000000000000e+00,0.000000000000000000e+00,0.000000000000000000e+00,0.000000000000000000e+00,0.000000000000000000e+00,0.000000000000000000e+00,0.000000000000000000e+00,-3.211200028032191767e+03,2.057600009393408072e+03
0.000000000000000000e+00,0.000000000000000000e+00,0.000000000000000000e+00,0.000000000000000000e+00,0.000000000000000000e+00,0.000000000000000000e+00,0.000000000000000000e+00,0.000000000000000000e+00,0.000000000000000000e+00,0.000000000000000000e+00,0.000000000000000000e+00,0.000000000000000000e+00,0.000000000000000000e+00,0.000000000000000000e+00,0.000000000000000000e+00,0.000000000000000000e+00,0.000000000000000000e+00,0.000000000000000000e+00,0.000000000000000000e+00,0.000000000000000000e+00,0.000000000000000000e+00,0.000000000000000000e+00,0.000000000000000000e+00,0.000000000000000000e+00,0.000000000000000000e+00,0.000000000000000000e+00,0.000000000000000000e+00,0.000000000000000000e+00,0.000000000000000000e+00,0.000000000000000000e+00,0.000000000000000000e+00,-3.211199966718719679e+03
