-5.969100023882579990e+03,1.200000004296800000e+02,2.400000008593600000e+02,4.800000017187200001e+02,9.600000034374400002e+02,1.920000006874880000e+03,2.220000007949080100e+03,6.000000001677999961e+01,1.200000000335599992e+02,2.400000000671199984e+02,4.800000001342399969e+02,9.600000002684799938e+02,1.920000000536959988e+03,2.220000000620860192e+03,6.000000002030999724e+01,1.200000000406199945e+02,2.400000000812399890e+02,4.800000001624799779e+02,9.600000003249599558e+02,1.920000000649919912e+03,2.220000000751469997e+03,6.000000004182000168e+01,1.200000000836400034e+02,2.400000001672800067e+02,4.800000003345600135e+02,9.600000006691200269e+02,1.920000001338240054e+03,2.220000001547340162e+03,-9.000000000000000222e-01,0.000000000000000000e+00,0.000000000000000000e+00,0.000000000000000000e+00
0.000000000000000000e+00,-1.187820004755031914e+04,4.800000017187200001e+02,9.600000034374400002e+02,1.920000006874880000e+03,3.840000013749760001e+03,4.440000015898160200e+03,1.200000000335599992e+02,2.400000000671199984e+02,4.800000001342399969e+02,9.600000002684799938e+02,1.920000000536959988e+03,3.840000001073919975e+03,4.440000001241720383e+03,1.200000000406199945e+02,2.400000000812399890e+02,4.800000001624799779e+02,9.600000003249599558e+02,1.920000000649919912e+03,3.840000001299839823e+03,4.440000001502939995e+03,1.200000000836400034e+02,2.400000001672800067e+02,4.800000003345600135e+02,9.600000006691200269e+02,1.920000001338240054e+03,3.840000002676480108e+03,4.440000003094680324e+03,-1.800000000000000044e+00,0.000000000000000000e+00,0.000000000000000000e+00,0.000000000000000000e+00
0.000000000000000000e+00,0.000000000000000000e+00,-2.351640009424127857e+04,1.920000006874880000e+03,3.840000013749760001e+03,7.680000027499520002e+03,8.880000031796320400e+03,2.400000000671199984e+02,4.800000001342399969e+02,9.600000002684799938e+02,1.920000000536959988e+03,3.840000001073919975e+03,7.680000002147839950e+03,8.880000002483440767e+03,2.400000000812399890e+02,4.800000001624799779e+02,9.600000003249599558e+02,1.920000000649919912e+03,3.840000001299839823e+03,7.680000002599679647e+03,8.880000003005879989e+03,2.400000001672800067e+02,4.800000003345600135e+02,9.600000006691200269e+02,1.920000001338240054e+03,3.840000002676480108e+03,7.680000005352960216e+03,8.880000006189360647e+03,-3.600000000000000089e+00,0.000000000000000000e+00,0.000000000000000000e+00,0.000000000000000000e+00
0.000000000000000000e+00,0.000000000000000000e+00,0.000000000000000000e+00,-4.607280018504511827e+04,7.680000027499520002e+03,1.536000005499904000e+04,1.776000006359264080e+04,4.800000001342399969e+02,9.600000002684799938e+02,1.920000000536959988e+03,3.840000001073919975e+03,7.680000002147839950e+03,1.536000000429567990e+04,1.776000000496688153e+04,4.800000001624799779e+02,9.600000003249599558e+02,1.920000000649919912e+03,3.840000001299839823e+03,7.680000002599679647e+03,1.536000000519935929e+04,1.776000000601175998e+04,4.800000003345600135e+02,9.600000006691200269e+02,1.920000001338240054e+03,3.840000002676480108e+03,7.680000005352960216e+03,1.536000001070592043e+04,1.776000001237872129e+04,-7.200000000000000178e+00,0.000000000000000000e+00,0.000000000000000000e+00,0.000000000000000000e+00
0.000000000000000000e+00,0.000000000000000000e+00,0.000000000000000000e+00,0.000000000000000000e+00,-8.830560035634048108e+04,3.072000010999808001e+04,3.552000012718528160e+04,9.600000002684799938e+02,1.920000000536959988e+03,3.840000001073919975e+03,7.680000002147839950e+03,1.536000000429567990e+04,3.072000000859135980e+04,3.552000000993376307e+04,9.600000003249599558e+02,1.920000000649919912e+03,3.840000001299839823e+03,7.680000002599679647e+03,1.536000000519935929e+04,3.072000001039871859e+04,3.552000001202351996e+04,9.600000006691200269e+02,1.920000001338240054e+03,3.840000002676480108e+03,7.680000005352960216e+03,1.536000001070592043e+04,3.072000002141184086e+04,3.552000002475744259e+04,-1.440000000000000036e+01,0.000000000000000000e+00,0.000000000000000000e+00,0.000000000000000000e+00
0.000000000000000000e+00,0.000000000000000000e+00,0.000000000000000000e+00,0.000000000000000000e+00,0.000000000000000000e+00,-1.612512006576819113e+05,7.104000025437056320e+04,1.920000000536959988e+03,3.840000001073919975e+03,7.680000002147839950e+03,1.536000000429567990e+04,3.072000000859135980e+04,6.144000001718271960e+04,7.104000001986752613e+04,1.920000000649919912e+03,3.840000001299839823e+03,7.680000002599679647e+03,1.536000000519935929e+04,3.072000001039871859e+04,6.144000002079743717e+04,7.104000002404703991e+04,1.920000001338240054e+03,3.840000002676480108e+03,7.680000005352960216e+03,1.536000001070592043e+04,3.072000002141184086e+04,6.144000004282368172e+04,7.104000004951488518e+04,-2.880000000000000071e+01,0.000000000000000000e+00,0.000000000000000000e+00,0.000000000000000000e+00
0.000000000000000000e+00,0.000000000000000000e+00,0.000000000000000000e+00,0.000000000000000000e+00,0.000000000000000000e+00,0.000000000000000000e+00,-1.808967007405720069e+05,2.220000000620860192e+03,4.440000001241720383e+03,8.880000002483440767e+03,1.776000000496688153e+04,3.552000000993376307e+04,7.104000001986752613e+04,8.214000002297181345e+04,2.220000000751469997e+03,4.440000001502939995e+03,8.880000003005879989e+03,1.776000000601175998e+04,3.552000001202351996e+04,7.104000002404703991e+04,8.214000002780438808e+04,2.220000001547340162e+03,4.440000003094680324e+03,8.880000006189360647e+03,1.776000001237872129e+04,3.552000002475744259e+04,7.104000004951488518e+04,8.214000005725158553e+04,-3.329999999999999716e+01,0.000000000000000000e+00,0.000000000000000000e+00,0.000000000000000000e+00
0.000000000000000000e+00,0.000000000000000000e+00,0.000000000000000000e+00,0.000000000000000000e+00,0.000000000000000000e+00,0.000000000000000000e+00,0.000000000000000000e+00,-5.969100003248245230e+03,1.200000001870200066e+02,2.400000003740400132e+02,4.800000007480800264e+02,9.600000014961600527e+02,1.920000002992320105e+03,2.220000003459870186e+03,6.000000001533999949e+01,1.200000000306799990e+02,2.400000000613599980e+02,4.800000001227199959e+02,9.600000002454399919e+02,1.920000000490879984e+03,2.220000000567580173e+03,6.000000001091000001e+01,1.200000000218200000e+02,2.400000000436400001e+02,4.800000000872800001e+02,9.600000001745600002e+02,1.920000000349120000e+03,2.220000000403670128e+03,0.000000000000000000e+00,-9.000000000000000222e-01,0.000000000000000000e+00,0.000000000000000000e+00
0.000000000000000000e+00,0.000000000000000000e+00,0.000000000000000000e+00,0.000000000000000000e+00,0.000000000000000000e+00,0.000000000000000000e+00,0.000000000000000000e+00,0.000000000000000000e+00,-1.187820000640297985e+04,4.800000007480800264e+02,9.600000014961600527e+02,1.920000002992320105e+03,3.840000005984640211e+03,4.440000006919740372e+03,1.200000000306799990e+02,2.400000000613599980e+02,4.800000001227199959e+02,9.600000002454399919e+02,1.920000000490879984e+03,3.840000000981759968e+03,4.440000001135160346e+03,1.200000000218200000e+02,2.400000000436400001e+02,4.800000000872800001e+02,9.600000001745600002e+02,1.920000000349120000e+03,3.840000000698240001e+03,4.440000000807340257e+03,0.000000000000000000e+00,-1.800000000000000044e+00,0.000000000000000000e+00,0.000000000000000000e+00
0.000000000000000000e+00,0.000000000000000000e+00,0.000000000000000000e+00,0.000000000000000000e+00,0.000000000000000000e+00,0.000000000000000000e+00,0.000000000000000000e+00,0.000000000000000000e+00,0.000000000000000000e+00,-2.351640001243192091e+04,1.920000002992320105e+03,3.840000005984640211e+03,7.680000011969280422e+03,8.880000013839480744e+03,2.400000000613599980e+02,4.800000001227199959e+02,9.600000002454399919e+02,1.920000000490879984e+03,3.840000000981759968e+03,7.680000001963519935e+03,8.880000002270320692e+03,2.400000000436400001e+02,4.800000000872800001e+02,9.600000001745600002e+02,1.920000000349120000e+03,3.840000000698240001e+03,7.680000001396480002e+03,8.880000001614680514e+03,0.000000000000000000e+00,-3.600000000000000089e+00,0.000000000000000000e+00,0.000000000000000000e+00
0.000000000000000000e+00,0.000000000000000000e+00,0.000000000000000000e+00,0.000000000000000000e+00,0.000000000000000000e+00,0.000000000000000000e+00,0.000000000000000000e+00,0.000000000000000000e+00,0.000000000000000000e+00,0.000000000000000000e+00,-4.607280002336767939e+04,7.680000011969280422e+03,1.536000002393856084e+04,1.776000002767896149e+04,4.800000001227199959e+02,9.600000002454399919e+02,1.920000000490879984e+03,3.840000000981759968e+03,7.680000001963519935e+03,1.536000000392703987e+04,1.776000000454064138e+04,4.800000000872800001e+02,9.600000001745600002e+02,1.920000000349120000e+03,3.840000000698240001e+03,7.680000001396480002e+03,1.536000000279296000e+04,1.776000000322936103e+04,0.000000000000000000e+00,-7.200000000000000178e+00,0.000000000000000000e+00,0.000000000000000000e+00
0.000000000000000000e+00,0.000000000000000000e+00,0.000000000000000000e+00,0.000000000000000000e+00,0.000000000000000000e+00,0.000000000000000000e+00,0.000000000000000000e+00,0.000000000000000000e+00,0.000000000000000000e+00,0.000000000000000000e+00,0.000000000000000000e+00,-8.830560004075072356e+04,3.072000004787712169e+04,3.552000005535792297e+04,9.600000002454399919e+02,1.920000000490879984e+03,3.840000000981759968e+03,7.680000001963519935e+03,1.536000000392703987e+04,3.072000000785407974e+04,3.552000000908128277e+04,9.600000001745600002e+02,1.920000000349120000e+03,3.840000000698240001e+03,7.680000001396480002e+03,1.536000000279296000e+04,3.072000000558592001e+04,3.552000000645872205e+04,0.000000000000000000e+00,-1.440000000000000036e+01,0.000000000000000000e+00,0.000000000000000000e+00
0.000000000000000000e+00,0.000000000000000000e+00,0.000000000000000000e+00,0.000000000000000000e+00,0.000000000000000000e+00,0.000000000000000000e+00,0.000000000000000000e+00,0.000000000000000000e+00,0.000000000000000000e+00,0.000000000000000000e+00,0.000000000000000000e+00,0.000000000000000000e+00,-1.612512000575628772e+05,7.104000011071584595e+04,1.920000000490879984e+03,3.840000000981759968e+03,7.680000001963519935e+03,1.536000000392703987e+04,3.072000000785407974e+04,6.144000001570815948e+04,7.104000001816256554e+04,1.920000000349120000e+03,3.840000000698240001e+03,7.680000001396480002e+03,1.536000000279296000e+04,3.072000000558592001e+04,6.144000001117184001e+04,7.104000001291744411e+04,0.000000000000000000e+00,-2.880000000000000071e+01,0.000000000000000000e+00,0.000000000000000000e+00
0.000000000000000000e+00,0.000000000000000000e+00,0.000000000000000000e+00,0.000000000000000000e+00,0.000000000000000000e+00,0.000000000000000000e+00,0.000000000000000000e+00,0.000000000000000000e+00,0.000000000000000000e+00,0.000000000000000000e+00,0.000000000000000000e+00,0.000000000000000000e+00,0.000000000000000000e+00,-1.808967000579074083e+05,2.220000000567580173e+03,4.440000001135160346e+03,8.880000002270320692e+03,1.776000000454064138e+04,3.552000000908128277e+04,7.104000001816256554e+04,8.214000002100046549e+04,2.220000000403670128e+03,4.440000000807340257e+03,8.880000001614680514e+03,1.776000000322936103e+04,3.552000000645872205e+04,7.104000001291744411e+04,8.214000001493579475e+04,0.000000000000000000e+00,-3.329999999999999716e+01,0.000000000000000000e+00,0.000000000000000000e+00
0.000000000000000000e+00,0.000000000000000000e+00,0.000000000000000000e+00,0.000000000000000000e+00,0.000000000000000000e+00,0.000000000000000000e+00,0.000000000000000000e+00,0.000000000000000000e+00,0.000000000000000000e+00,0.000000000000000000e+00,0.000000000000000000e+00,0.000000000000000000e+00,0.000000000000000000e+00,0.000000000000000000e+00,-5.969100015823564718e+03,1.200000001857400065e+02,2.400000003714800130e+02,4.800000007429600259e+02,9.600000014859200519e+02,1.920000002971840104e+03,2.220000003436190127e+03,6.000000000906000253e+01,1.200000000181200051e+02,2.400000000362400101e+02,4.800000000724800202e+02,9.600000001449600404e+02,1.920000000289920081e+03,2.220000000335220193e+03,0.000000000000000000e+00,0.000000000000000000e+00,-9.000000000000000222e-01,0.000000000000000000e+00
0.000000000000000000e+00,0.000000000000000000e+00,0.000000000000000000e+00,0.000000000000000000e+00,0.000000000000000000e+00,0.000000000000000000e+00,0.000000000000000000e+00,0.000000000000000000e+00,0.000000000000000000e+00,0.000000000000000000e+00,0.000000000000000000e+00,0.000000000000000000e+00,0.000000000000000000e+00,0.000000000000000000e+00,0.000000000000000000e+00,-1.187820003155425911e+04,4.800000007429600259e+02,9.600000014859200519e+02,1.920000002971840104e+03,3.840000005943680208e+03,4.440000006872380254e+03,1.200000000181200051e+02,2.400000000362400101e+02,4.800000000724800202e+02,9.600000001449600404e+02,1.920000000289920081e+03,3.840000000579840162e+03,4.440000000670440386e+03,0.000000000000000000e+00,0.000000000000000000e+00,-1.800000000000000044e+00,0.000000000000000000e+00
0.000000000000000000e+00,0.000000000000000000e+00,0.000000000000000000e+00,0.000000000000000000e+00,0.000000000000000000e+00,0.000000000000000000e+00,0.000000000000000000e+00,0.000000000000000000e+00,0.000000000000000000e+00,0.000000000000000000e+00,0.000000000000000000e+00,0.000000000000000000e+00,0.000000000000000000e+00,0.000000000000000000e+00,0.000000000000000000e+00,0.000000000000000000e+00,-2.351640006273704057e+04,1.920000002971840104e+03,3.840000005943680208e+03,7.680000011887360415e+03,8.880000013744760508e+03,2.400000000362400101e+02,4.800000000724800202e+02,9.600000001449600404e+02,1.920000000289920081e+03,3.840000000579840162e+03,7.680000001159680323e+03,8.880000001340880772e+03,0.000000000000000000e+00,0.000000000000000000e+00,-3.600000000000000089e+00,0.000000000000000000e+00
0.000000000000000000e+00,0.000000000000000000e+00,0.000000000000000000e+00,0.000000000000000000e+00,0.000000000000000000e+00,0.000000000000000000e+00,0.000000000000000000e+00,0.000000000000000000e+00,0.000000000000000000e+00,0.000000000000000000e+00,0.000000000000000000e+00,0.000000000000000000e+00,0.000000000000000000e+00,0.000000000000000000e+00,0.000000000000000000e+00,0.000000000000000000e+00,0.000000000000000000e+00,-4.607280012398816325e+04,7.680000011887360415e+03,1.536000002377472083e+04,1.776000002748952102e+04,4.800000000724800202e+02,9.600000001449600404e+02,1.920000000289920081e+03,3.840000000579840162e+03,7.680000001159680323e+03,1.536000000231936065e+04,1.776000000268176154e+04,0.000000000000000000e+00,0.000000000000000000e+00,-7.200000000000000178e+00,0.000000000000000000e+00
0.000000000000000000e+00,0.000000000000000000e+00,0.000000000000000000e+00,0.000000000000000000e+00,0.000000000000000000e+00,0.000000000000000000e+00,0.000000000000000000e+00,0.000000000000000000e+00,0.000000000000000000e+00,0.000000000000000000e+00,0.000000000000000000e+00,0.000000000000000000e+00,0.000000000000000000e+00,0.000000000000000000e+00,0.000000000000000000e+00,0.000000000000000000e+00,0.000000000000000000e+00,0.000000000000000000e+00,-8.830560024203264038e+04,3.072000004754944166e+04,3.552000005497904203e+04,9.600000001449600404e+02,1.920000000289920081e+03,3.840000000579840162e+03,7.680000001159680323e+03,1.536000000231936065e+04,3.072000000463872129e+04,3.552000000536352309e+04,0.000000000000000000e+00,0.000000000000000000e+00,-1.440000000000000036e+01,0.000000000000000000e+00
0.000000000000000000e+00,0.000000000000000000e+00,0.000000000000000000e+00,0.000000000000000000e+00,0.000000000000000000e+00,0.000000000000000000e+00,0.000000000000000000e+00,0.000000000000000000e+00,0.000000000000000000e+00,0.000000000000000000e+00,0.000000000000000000e+00,0.000000000000000000e+00,0.000000000000000000e+00,0.000000000000000000e+00,0.000000000000000000e+00,0.000000000000000000e+00,0.000000000000000000e+00,0.000000000000000000e+00,0.000000000000000000e+00,-1.612512004602905654e+05,7.104000010995808407e+04,1.920000000289920081e+03,3.840000000579840162e+03,7.680000001159680323e+03,1.536000000231936065e+04,3.072000000463872129e+04,6.144000000927744259e+04,7.104000001072704617e+04,0.000000000000000000e+00,0.000000000000000000e+00,-2.880000000000000071e+01,0.000000000000000000e+00
0.000000000000000000e+00,0.000000000000000000e+00,0.000000000000000000e+00,0.000000000000000000e+00,0.000000000000000000e+00,0.000000000000000000e+00,0.000000000000000000e+00,0.000000000000000000e+00,0.000000000000000000e+00,0.000000000000000000e+00,0.000000000000000000e+00,0.000000000000000000e+00,0.000000000000000000e+00,0.000000000000000000e+00,0.000000000000000000e+00,0.000000000000000000e+00,0.000000000000000000e+00,0.000000000000000000e+00,0.000000000000000000e+00,0.000000000000000000e+00,-1.808967005236204714e+05,2.220000000335220193e+03,4.440000000670440386e+03,8.880000001340880772e+03,1.776000000268176154e+04,3.552000000536352309e+04,7.104000001072704617e+04,8.214000001240313577e+04,0.000000000000000000e+00,0.000000000000000000e+00,-3.329999999999999716e+01,0.000000000000000000e+00
0.000000000000000000e+00,0.000000000000000000e+00,0.000000000000000000e+00,0.000000000000000000e+00,0.000000000000000000e+00,0.000000000000000000e+00,0.000000000000000000e+00,0.000000000000000000e+00,0.000000000000000000e+00,0.000000000000000000e+00,0.000000000000000000e+00,0.000000000000000000e+00,0.000000000000000000e+00,0.000000000000000000e+00,0.000000000000000000e+00,0.000000000000000000e+00,0.000000000000000000e+00,0.000000000000000000e+00,0.000000000000000000e+00,0.000000000000000000e+00,0.000000000000000000e+00,-5.969100006821025090e+03,1.200000002559000052e+02,2.400000005118000104e+02,4.800000010236000207e+02,9.600000020472000415e+02,1.920000004094400083e+03,2.220000004734150025e+03,0.000000000000000000e+00,0.000000000000000000e+00,0.000000000000000000e+00,-9.000000000000000222e-01
0.000000000000000000e+00,0.000000000000000000e+00,0.000000000000000000e+00,0.000000000000000000e+00,0.000000000000000000e+00,0.000000000000000000e+00,0.000000000000000000e+00,0.000000000000000000e+00,0.000000000000000000e+00,0.000000000000000000e+00,0.000000000000000000e+00,0.000000000000000000e+00,0.000000000000000000e+00,0.000000000000000000e+00,0.000000000000000000e+00,0.000000000000000000e+00,0.000000000000000000e+00,0.000000000000000000e+00,0.000000000000000000e+00,0.000000000000000000e+00,0.000000000000000000e+00,0.000000000000000000e+00,-1.187820001351410065e+04,4.800000010236000207e+02,9.600000020472000415e+02,1.920000004094400083e+03,3.840000008188800166e+03,4.440000009468300050e+03,0.000000000000000000e+00,0.000000000000000000e+00,0.000000000000000000e+00,-1.800000000000000044e+00
0.000000000000000000e+00,0.000000000000000000e+00,0.000000000000000000e+00,0.000000000000000000e+00,0.000000000000000000e+00,0.000000000000000000e+00,0.000000000000000000e+00,0.000000000000000000e+00,0.000000000000000000e+00,0.000000000000000000e+00,0.000000000000000000e+00,0.000000000000000000e+00,0.000000000000000000e+00,0.000000000000000000e+00,0.000000000000000000e+00,0.000000000000000000e+00,0.000000000000000000e+00,0.000000000000000000e+00,0.000000000000000000e+00,0.000000000000000000e+00,0.000000000000000000e+00,0.000000000000000000e+00,0.000000000000000000e+00,-2.351640002651639952e+04,1.920000004094400083e+03,3.840000008188800166e+03,7.680000016377600332e+03,8.880000018936600100e+03,0.000000000000000000e+00,0.000000000000000000e+00,0.000000000000000000e+00,-3.600000000000000089e+00
0.000000000000000000e+00,0.000000000000000000e+00,0.000000000000000000e+00,0.000000000000000000e+00,0.000000000000000000e+00,0.000000000000000000e+00,0.000000000000000000e+00,0.000000000000000000e+00,0.000000000000000000e+00,0.000000000000000000e+00,0.000000000000000000e+00,0.000000000000000000e+00,0.000000000000000000e+00,0.000000000000000000e+00,0.000000000000000000e+00,0.000000000000000000e+00,0.000000000000000000e+00,0.000000000000000000e+00,0.000000000000000000e+00,0.000000000000000000e+00,0.000000000000000000e+00,0.000000000000000000e+00,0.000000000000000000e+00,0.000000000000000000e+00,-4.607280005098559923e+04,7.680000016377600332e+03,1.536000003275520066e+04,1.776000003787320020e+04,0.000000000000000000e+00,0.000000000000000000e+00,0.000000000000000000e+00,-7.200000000000000178e+00
0.000000000000000000e+00,0.000000000000000000e+00,0.000000000000000000e+00,0.000000000000000000e+00,0.000000000000000000e+00,0.000000000000000000e+00,0.000000000000000000e+00,0.000000000000000000e+00,0.000000000000000000e+00,0.000000000000000000e+00,0.000000000000000000e+00,0.000000000000000000e+00,0.000000000000000000e+00,0.000000000000000000e+00,0.000000000000000000e+00,0.000000000000000000e+00,0.000000000000000000e+00,0.000000000000000000e+00,0.000000000000000000e+00,0.000000000000000000e+00,0.000000000000000000e+00,0.000000000000000000e+00,0.000000000000000000e+00,0.000000000000000000e+00,0.000000000000000000e+00,-8.830560009378239920e+04,3.072000006551040133e+04,3.552000007574640040e+04,0.000000000000000000e+00,0.000000000000000000e+00,0.000000000000000000e+00,-1.440000000000000036e+01
0.000000000000000000e+00,0.000000000000000000e+00,0.000000000000000000e+00,0.000000000000000000e+00,0.000000000000000000e+00,0.000000000000000000e+00,0.000000000000000000e+00,0.000000000000000000e+00,0.000000000000000000e+00,0.000000000000000000e+00,0.000000000000000000e+00,0.000000000000000000e+00,0.000000000000000000e+00,0.000000000000000000e+00,0.000000000000000000e+00,0.000000000000000000e+00,0.000000000000000000e+00,0.000000000000000000e+00,0.000000000000000000e+00,0.000000000000000000e+00,0.000000000000000000e+00,0.000000000000000000e+00,0.000000000000000000e+00,0.000000000000000000e+00,0.000000000000000000e+00,0.000000000000000000e+00,-1.612512001548096014e+05,7.104000015149280080e+04,0.000000000000000000e+00,0.000000000000000000e+00,0.000000000000000000e+00,-2.880000000000000071e+01
0.000000000000000000e+00,0.000000000000000000e+00,0.000000000000000000e+00,0.000000000000000000e+00,0.000000000000000000e+00,0.000000000000000000e+00,0.000000000000000000e+00,0.000000000000000000e+00,0.000000000000000000e+00,0.000000000000000000e+00,0.000000000000000000e+00,0.000000000000000000e+00,0.000000000000000000e+00,0.000000000000000000e+00,0.000000000000000000e+00,0.000000000000000000e+00,0.000000000000000000e+00,0.000000000000000000e+00,0.000000000000000000e+00,0.000000000000000000e+00,0.000000000000000000e+00,0.000000000000000000e+00,0.000000000000000000e+00,0.000000000000000000e+00,0.000000000000000000e+00,0.000000000000000000e+00,0.000000000000000000e+00,-1.808967001671632170e+05,0.000000000000000000e+00,0.000000000000000000e+00,0.000000000000000000e+00,-3.329999999999999716e+01
0.000000000000000000e+00,0.000000000000000000e+00,0.000000000000000000e+00,0.000000000000000000e+00,0.000000000000000000e+00,0.000000000000000000e+00,0.000000000000000000e+00,0.000000000000000000e+00,0.000000000000000000e+00,0.000000000000000000e+00,0.000000000000000000e+00,0.000000000000000000e+00,0.000000000000000000e+00,0.000000000000000000e+00,0.000000000000000000e+00,0.000000000000000000e+00,0.000000000000000000e+00,0.000000000000000000e+00,0.000000000000000000e+00,0.000000000000000000e+00,0.000000000000000000e+00,0.000000000000000000e+00,0.000000000000000000e+00,0.000000000000000000e+00,0.000000000000000000e+00,0.000000000000000000e+00,0.000000000000000000e+00,0.000000000000000000e+00,-2.700000000000000000e+02,1.800000000000000000e+02,1.800000000000000000e+02,1.800000000000000000e+02
0.000000000000000000e+00,0.000000000000000000e+00,0.000000000000000000e+00,0.000000000000000000e+00,0.000000000000000000e+00,0.000000000000000000e+00,0.000000000000000000e+00,0.000000000000000000e+00,0.000000000000000000e+00,0.000000000000000000e+00,0.000000000000000000e+00,0.000000000000000000e+00,0.000000000000000000e+00,0.000000000000000000e+00,0.000000000000000000e+00,0.000000000000000000e+00,0.000000000000000000e+00,0.000000000000000000e+00,0.000000000000000000e+00,0.000000000000000000e+00,0.000000000000000000e+00,0.000000000000000000e+00,0.000000000000000000e+00,0.000000000000000000e+00,0.000000000000000000e+00,0.000000000000000000e+00,0.000000000000000000e+00,0.000000000000000000e+00,0.000000000000000000e+00,-2.700000000000000000e+02,1.800000000000000000e+02,1.800000000000000000e+02
0.000000000000000000e+00,0.000000000000000000e+00,0.000000000000000000e+00,0.000000000000000000e+00,0.000000000000000000e+00,0.000000000000000000e+00,0.000000000000000000e+00,0.000000000000000000e+00,0.000000000000000000e+00,0.000000000000000000e+00,0.000000000000000000e+00,0.000000000000000000e+00,0.000000000000000000e+00,0.000000000000000000e+00,0.000000000000000000e+00,0.000000000000000000e+00,0.000000000000000000e+00,0.000000000000000000e+00,0.000000000000000000e+00,0.000000000000000000e+00,0.000000000000000000e+00,0.000000000000000000e+00,0.000000000000000000e+00,0.000000000000000000e+00,0.000000000000000000e+00,0.000000000000000000e+00,0.000000000000000000e+00,0.000000000000000000e+00,0.000000000000000000e+00,0.000000000000000000e+00,-2.700000000000000000e+02,1.800000000000000000e+02
0.000000000000000000e+00,0.000000000000000000e+00,0.000000000000000000e+00,0.000000000000000000e+00,0.000000000000000000e+00,0.000000000000000000e+00,0.000000000000000000e+00,0.000000000000000000e+00,0.000000000000000000e+00,0.000000000000000000e+00,0.000000000000000000e+00,0.000000000000000000e+00,0.000000000000000000e+00,0.000000000000000000e+00,0.000000000000000000e+00,0.000000000000000000e+00,0.000000000000000000e+00,0.000000000000000000e+00,0.000000000000000000e+00,0.000000000000000000e+00,0.000000000000000000e+00,0.000000000000000000e+00,0.000000000000000000e+00,0.000000000000000000e+00,0.000000000000000000e+00,0.000000000000000000e+00,0.000000000000000000e+00,0.000000000000000000e+00,0.000000000000000000e+00,0.000000000000000000e+00,0.000000000000000000e+00,-2.700000000000000000e+02
