3.029568394840000956e-01,1.200008593600000034e-02,2.400017187200000068e-02,4.800034374400000137e-02,9.600068748800000273e-02,1.920013749760000055e-01,7.800055858400001263e-02,6.000003355999999725e-03,1.200000671199999945e-02,2.400001342399999890e-02,4.800002684799999780e-02,9.600005369599999561e-02,1.920001073919999912e-01,7.800004362800001811e-02,6.000004062000000374e-03,1.200000812400000075e-02,2.400001624800000150e-02,4.800003249600000299e-02,9.600006499200000598e-02,1.920001299840000120e-01,7.800005280600001700e-02,6.000008364000000531e-03,1.200001672800000106e-02,2.400003345600000212e-02,4.800006691200000425e-02,9.600013382400000850e-02,1.920002676480000170e-01,7.800010873200001471e-02,-7.559989687679999903e-01,1.440000805439999865e-01,1.440000974879999951e-01,1.440002007359999781e-01
0.000000000000000000e+00,6.119137219359997992e-01,4.800034374400000137e-02,9.600068748800000273e-02,1.920013749760000055e-01,3.840027499520000109e-01,1.560011171680000253e-01,1.200000671199999945e-02,2.400001342399999890e-02,4.800002684799999780e-02,9.600005369599999561e-02,1.920001073919999912e-01,3.840002147839999824e-01,1.560000872560000362e-01,1.200000812400000075e-02,2.400001624800000150e-02,4.800003249600000299e-02,9.600006499200000598e-02,1.920001299840000120e-01,3.840002599680000239e-01,1.560001056120000340e-01,1.200001672800000106e-02,2.400003345600000212e-02,4.800006691200000425e-02,9.600013382400000850e-02,1.920002676480000170e-01,3.840005352960000340e-01,1.560002174640000294e-01,-1.511997937535999981e+00,2.880001610879999729e-01,2.880001949759999902e-01,2.880004014719999561e-01
0.000000000000000000e+00,0.000000000000000000e+00,1.247827615744000251e+00,1.920013749760000055e-01,3.840027499520000109e-01,7.680054999040000219e-01,3.120022343360000505e-01,2.400001342399999890e-02,4.800002684799999780e-02,9.600005369599999561e-02,1.920001073919999912e-01,3.840002147839999824e-01,7.680004295679999649e-01,3.120001745120000725e-01,2.400001624800000150e-02,4.800003249600000299e-02,9.600006499200000598e-02,1.920001299840000120e-01,3.840002599680000239e-01,7.680005199360000478e-01,3.120002112240000680e-01,2.400003345600000212e-02,4.800006691200000425e-02,9.600013382400000850e-02,1.920002676480000170e-01,3.840005352960000340e-01,7.680010705920000680e-01,3.120004349280000588e-01,-3.023995875071999961e+00,5.760003221759999459e-01,5.760003899519999804e-01,5.760008029439999122e-01
0.000000000000000000e+00,0.000000000000000000e+00,0.000000000000000000e+00,2.591655918975999562e+00,7.680054999040000219e-01,1.536010999808000044e+00,6.240044686720001010e-01,4.800002684799999780e-02,9.600005369599999561e-02,1.920001073919999912e-01,3.840002147839999824e-01,7.680004295679999649e-01,1.536000859135999930e+00,6.240003490240001449e-01,4.800003249600000299e-02,9.600006499200000598e-02,1.920001299840000120e-01,3.840002599680000239e-01,7.680005199360000478e-01,1.536001039872000096e+00,6.240004224480001360e-01,4.800006691200000425e-02,9.600013382400000850e-02,1.920002676480000170e-01,3.840005352960000340e-01,7.680010705920000680e-01,1.536002141184000136e+00,6.240008698560001177e-01,-6.047991750143999923e+00,1.152000644351999892e+00,1.152000779903999961e+00,1.152001605887999824e+00
0.000000000000000000e+00,0.000000000000000000e+00,0.000000000000000000e+00,0.000000000000000000e+00,5.567314587903998913e+00,3.072021999616000087e+00,1.248008937344000202e+00,9.600005369599999561e-02,1.920001073919999912e-01,3.840002147839999824e-01,7.680004295679999649e-01,1.536000859135999930e+00,3.072001718271999859e+00,1.248000698048000290e+00,9.600006499200000598e-02,1.920001299840000120e-01,3.840002599680000239e-01,7.680005199360000478e-01,1.536001039872000096e+00,3.072002079744000191e+00,1.248000844896000272e+00,9.600013382400000850e-02,1.920002676480000170e-01,3.840005352960000340e-01,7.680010705920000680e-01,1.536002141184000136e+00,3.072004282368000272e+00,1.248001739712000235e+00,-1.209598350028799985e+01,2.304001288703999784e+00,2.304001559807999922e+00,2.304003211775999649e+00
0.000000000000000000e+00,0.000000000000000000e+00,0.000000000000000000e+00,0.000000000000000000e+00,0.000000000000000000e+00,1.267064017561600053e+01,2.496017874688000404e+00,1.920001073919999912e-01,3.840002147839999824e-01,7.680004295679999649e-01,1.536000859135999930e+00,3.072001718271999859e+00,6.144003436543999719e+00,2.496001396096000580e+00,1.920001299840000120e-01,3.840002599680000239e-01,7.680005199360000478e-01,1.536001039872000096e+00,3.072002079744000191e+00,6.144004159488000383e+00,2.496001689792000544e+00,1.920002676480000170e-01,3.840005352960000340e-01,7.680010705920000680e-01,1.536002141184000136e+00,3.072004282368000272e+00,6.144008564736000544e+00,2.496003479424000471e+00,-2.419196700057599969e+01,4.608002577407999567e+00,4.608003119615999843e+00,4.608006423551999298e+00
0.000000000000000000e+00,0.000000000000000000e+00,0.000000000000000000e+00,0.000000000000000000e+00,0.000000000000000000e+00,0.000000000000000000e+00,4.406442264796001318e+00,7.800004362800001811e-02,1.560000872560000362e-01,3.120001745120000725e-01,6.240003490240001449e-01,1.248000698048000290e+00,2.496001396096000580e+00,1.014000567164000000e+00,7.800005280600001700e-02,1.560001056120000340e-01,3.120002112240000680e-01,6.240004224480001360e-01,1.248000844896000272e+00,2.496001689792000544e+00,1.014000686478000013e+00,7.800010873200001471e-02,1.560002174640000294e-01,3.120004349280000588e-01,6.240008698560001177e-01,1.248001739712000235e+00,2.496003479424000471e+00,1.014001413516000039e+00,-9.827986593984000763e+00,1.872001047071999880e+00,1.872001267343999853e+00,1.872002609567999798e+00
0.000000000000000000e+00,0.000000000000000000e+00,0.000000000000000000e+00,0.000000000000000000e+00,0.000000000000000000e+00,0.000000000000000000e+00,0.000000000000000000e+00,3.029940783510000069e-01,1.200003740399999998e-02,2.400007480799999995e-02,4.800014961599999991e-02,9.600029923199999982e-02,1.920005984639999996e-01,7.800024312600001286e-02,6.000003068000000009e-03,1.200000613600000002e-02,2.400001227200000004e-02,4.800002454400000007e-02,9.600004908800000014e-02,1.920000981760000003e-01,7.800003988400001920e-02,6.000002182000000080e-03,1.200000436400000016e-02,2.400000872800000032e-02,4.800001745600000064e-02,9.600003491200000127e-02,1.920000698240000025e-01,7.800002836600000711e-02,1.440000805439999865e-01,-7.559995511520000155e-01,1.440000736319999863e-01,1.440000523679999811e-01
0.000000000000000000e+00,0.000000000000000000e+00,0.000000000000000000e+00,0.000000000000000000e+00,0.000000000000000000e+00,0.000000000000000000e+00,0.000000000000000000e+00,0.000000000000000000e+00,6.119881754039999677e-01,4.800014961599999991e-02,9.600029923199999982e-02,1.920005984639999996e-01,3.840011969279999993e-01,1.560004862520000257e-01,1.200000613600000002e-02,2.400001227200000004e-02,4.800002454400000007e-02,9.600004908800000014e-02,1.920000981760000003e-01,3.840001963520000006e-01,1.560000797680000384e-01,1.200000436400000016e-02,2.400000872800000032e-02,4.800001745600000064e-02,9.600003491200000127e-02,1.920000698240000025e-01,3.840001396480000051e-01,1.560000567320000142e-01,2.880001610879999729e-01,-1.511999102304000031e+00,2.880001472639999727e-01,2.880001047359999622e-01
0.000000000000000000e+00,0.000000000000000000e+00,0.000000000000000000e+00,0.000000000000000000e+00,0.000000000000000000e+00,0.000000000000000000e+00,0.000000000000000000e+00,0.000000000000000000e+00,0.000000000000000000e+00,1.247976425616000196e+00,1.920005984639999996e-01,3.840011969279999993e-01,7.680023938559999985e-01,3.120009725040000514e-01,2.400001227200000004e-02,4.800002454400000007e-02,9.600004908800000014e-02,1.920000981760000003e-01,3.840001963520000006e-01,7.680003927040000011e-01,3.120001595360000768e-01,2.400000872800000032e-02,4.800001745600000064e-02,9.600003491200000127e-02,1.920000698240000025e-01,3.840001396480000051e-01,7.680002792960000102e-01,3.120001134640000284e-01,5.760003221759999459e-01,-3.023998204608000062e+00,5.760002945279999453e-01,5.760002094719999244e-01
0.000000000000000000e+00,0.000000000000000000e+00,0.000000000000000000e+00,0.000000000000000000e+00,0.000000000000000000e+00,0.000000000000000000e+00,0.000000000000000000e+00,0.000000000000000000e+00,0.000000000000000000e+00,0.000000000000000000e+00,2.591953150463999656e+00,7.680023938559999985e-01,1.536004787711999997e+00,6.240019450080001029e-01,4.800002454400000007e-02,9.600004908800000014e-02,1.920000981760000003e-01,3.840001963520000006e-01,7.680003927040000011e-01,1.536000785408000002e+00,6.240003190720001536e-01,4.800001745600000064e-02,9.600003491200000127e-02,1.920000698240000025e-01,3.840001396480000051e-01,7.680002792960000102e-01,1.536000558592000020e+00,6.240002269280000569e-01,1.152000644351999892e+00,-6.047996409216000124e+00,1.152000589055999891e+00,1.152000418943999849e+00
0.000000000000000000e+00,0.000000000000000000e+00,0.000000000000000000e+00,0.000000000000000000e+00,0.000000000000000000e+00,0.000000000000000000e+00,0.000000000000000000e+00,0.000000000000000000e+00,0.000000000000000000e+00,0.000000000000000000e+00,0.000000000000000000e+00,5.567907497855999921e+00,3.072009575423999994e+00,1.248003890016000206e+00,9.600004908800000014e-02,1.920000981760000003e-01,3.840001963520000006e-01,7.680003927040000011e-01,1.536000785408000002e+00,3.072001570816000005e+00,1.248000638144000307e+00,9.600003491200000127e-02,1.920000698240000025e-01,3.840001396480000051e-01,7.680002792960000102e-01,1.536000558592000020e+00,3.072001117184000041e+00,1.248000453856000114e+00,2.304001288703999784e+00,-1.209599281843200025e+01,2.304001178111999781e+00,2.304000837887999698e+00
0.000000000000000000e+00,0.000000000000000000e+00,0.000000000000000000e+00,0.000000000000000000e+00,0.000000000000000000e+00,0.000000000000000000e+00,0.000000000000000000e+00,0.000000000000000000e+00,0.000000000000000000e+00,0.000000000000000000e+00,0.000000000000000000e+00,0.000000000000000000e+00,1.267181978342400228e+01,2.496007780032000412e+00,1.920000981760000003e-01,3.840001963520000006e-01,7.680003927040000011e-01,1.536000785408000002e+00,3.072001570816000005e+00,6.144003141632000009e+00,2.496001276288000614e+00,1.920000698240000025e-01,3.840001396480000051e-01,7.680002792960000102e-01,1.536000558592000020e+00,3.072001117184000041e+00,6.144002234368000082e+00,2.496000907712000227e+00,4.608002577407999567e+00,-2.419198563686400050e+01,4.608002356223999563e+00,4.608001675775999395e+00
0.000000000000000000e+00,0.000000000000000000e+00,0.000000000000000000e+00,0.000000000000000000e+00,0.000000000000000000e+00,0.000000000000000000e+00,0.000000000000000000e+00,0.000000000000000000e+00,0.000000000000000000e+00,0.000000000000000000e+00,0.000000000000000000e+00,0.000000000000000000e+00,0.000000000000000000e+00,4.406924477319001276e+00,7.800003988400001920e-02,1.560000797680000384e-01,3.120001595360000768e-01,6.240003190720001536e-01,1.248000638144000307e+00,2.496001276288000614e+00,1.014000518492000014e+00,7.800002836600000711e-02,1.560000567320000142e-01,3.120001134640000284e-01,6.240002269280000569e-01,1.248000453856000114e+00,2.496000907712000227e+00,1.014000368757999926e+00,1.872001047071999880e+00,-9.827994164976001201e+00,1.872000957215999906e+00,1.872000680783999949e+00
0.000000000000000000e+00,0.000000000000000000e+00,0.000000000000000000e+00,0.000000000000000000e+00,0.000000000000000000e+00,0.000000000000000000e+00,0.000000000000000000e+00,0.000000000000000000e+00,0.000000000000000000e+00,0.000000000000000000e+00,0.000000000000000000e+00,0.000000000000000000e+00,0.000000000000000000e+00,0.000000000000000000e+00,3.029714432870000973e-01,1.200003714800000100e-02,2.400007429600000200e-02,4.800014859200000400e-02,9.600029718400000800e-02,1.920005943680000160e-01,7.800024146200001951e-02,6.000001811999999823e-03,1.200000362399999965e-02,2.400000724799999929e-02,4.800001449599999859e-02,9.600002899199999717e-02,1.920000579839999943e-01,7.800002355600001158e-02,1.440000974879999951e-01,1.440000736319999863e-01,-7.559995542240000033e-01,1.440000434879999958e-01
0.000000000000000000e+00,0.000000000000000000e+00,0.000000000000000000e+00,0.000000000000000000e+00,0.000000000000000000e+00,0.000000000000000000e+00,0.000000000000000000e+00,0.000000000000000000e+00,0.000000000000000000e+00,0.000000000000000000e+00,0.000000000000000000e+00,0.000000000000000000e+00,0.000000000000000000e+00,0.000000000000000000e+00,0.000000000000000000e+00,6.119429051479998716e-01,4.800014859200000400e-02,9.600029718400000800e-02,1.920005943680000160e-01,3.840011887360000320e-01,1.560004829240000390e-01,1.200000362399999965e-02,2.400000724799999929e-02,4.800001449599999859e-02,9.600002899199999717e-02,1.920000579839999943e-01,3.840001159679999887e-01,1.560000471120000232e-01,2.880001949759999902e-01,2.880001472639999727e-01,-1.511999108448000007e+00,2.880000869759999915e-01
0.000000000000000000e+00,0.000000000000000000e+00,0.000000000000000000e+00,0.000000000000000000e+00,0.000000000000000000e+00,0.000000000000000000e+00,0.000000000000000000e+00,0.000000000000000000e+00,0.000000000000000000e+00,0.000000000000000000e+00,0.000000000000000000e+00,0.000000000000000000e+00,0.000000000000000000e+00,0.000000000000000000e+00,0.000000000000000000e+00,0.000000000000000000e+00,1.247885884592000227e+00,1.920005943680000160e-01,3.840011887360000320e-01,7.680023774720000640e-01,3.120009658480000780e-01,2.400000724799999929e-02,4.800001449599999859e-02,9.600002899199999717e-02,1.920000579839999943e-01,3.840001159679999887e-01,7.680002319359999774e-01,3.120000942240000463e-01,5.760003899519999804e-01,5.760002945279999453e-01,-3.023998216896000013e+00,5.760001739519999830e-01
0.000000000000000000e+00,0.000000000000000000e+00,0.000000000000000000e+00,0.000000000000000000e+00,0.000000000000000000e+00,0.000000000000000000e+00,0.000000000000000000e+00,0.000000000000000000e+00,0.000000000000000000e+00,0.000000000000000000e+00,0.000000000000000000e+00,0.000000000000000000e+00,0.000000000000000000e+00,0.000000000000000000e+00,0.000000000000000000e+00,0.000000000000000000e+00,0.000000000000000000e+00,2.591772066367999727e+00,7.680023774720000640e-01,1.536004754944000128e+00,6.240019316960001561e-01,4.800001449599999859e-02,9.600002899199999717e-02,1.920000579839999943e-01,3.840001159679999887e-01,7.680002319359999774e-01,1.536000463871999955e+00,6.240001884480000927e-01,1.152000779903999961e+00,1.152000589055999891e+00,-6.047996433792000026e+00,1.152000347903999966e+00
0.000000000000000000e+00,0.000000000000000000e+00,0.000000000000000000e+00,0.000000000000000000e+00,0.000000000000000000e+00,0.000000000000000000e+00,0.000000000000000000e+00,0.000000000000000000e+00,0.000000000000000000e+00,0.000000000000000000e+00,0.000000000000000000e+00,0.000000000000000000e+00,0.000000000000000000e+00,0.000000000000000000e+00,0.000000000000000000e+00,0.000000000000000000e+00,0.000000000000000000e+00,0.000000000000000000e+00,5.567545321472000097e+00,3.072009509888000256e+00,1.248003863392000312e+00,9.600002899199999717e-02,1.920000579839999943e-01,3.840001159679999887e-01,7.680002319359999774e-01,1.536000463871999955e+00,3.072000927743999910e+00,1.248000376896000185e+00,2.304001559807999922e+00,2.304001178111999781e+00,-1.209599286758400005e+01,2.304000695807999932e+00
0.000000000000000000e+00,0.000000000000000000e+00,0.000000000000000000e+00,0.000000000000000000e+00,0.000000000000000000e+00,0.000000000000000000e+00,0.000000000000000000e+00,0.000000000000000000e+00,0.000000000000000000e+00,0.000000000000000000e+00,0.000000000000000000e+00,0.000000000000000000e+00,0.000000000000000000e+00,0.000000000000000000e+00,0.000000000000000000e+00,0.000000000000000000e+00,0.000000000000000000e+00,0.000000000000000000e+00,0.000000000000000000e+00,1.267109539788799921e+01,2.496007726784000624e+00,1.920000579839999943e-01,3.840001159679999887e-01,7.680002319359999774e-01,1.536000463871999955e+00,3.072000927743999910e+00,6.144001855487999819e+00,2.496000753792000371e+00,4.608003119615999843e+00,4.608002356223999563e+00,-2.419198573516800010e+01,4.608001391615999864e+00
0.000000000000000000e+00,0.000000000000000000e+00,0.000000000000000000e+00,0.000000000000000000e+00,0.000000000000000000e+00,0.000000000000000000e+00,0.000000000000000000e+00,0.000000000000000000e+00,0.000000000000000000e+00,0.000000000000000000e+00,0.000000000000000000e+00,0.000000000000000000e+00,0.000000000000000000e+00,0.000000000000000000e+00,0.000000000000000000e+00,0.000000000000000000e+00,0.000000000000000000e+00,0.000000000000000000e+00,0.000000000000000000e+00,0.000000000000000000e+00,4.406630211503000716e+00,7.800002355600001158e-02,1.560000471120000232e-01,3.120000942240000463e-01,6.240001884480000927e-01,1.248000376896000185e+00,2.496000753792000371e+00,1.014000306228000081e+00,1.872001267343999853e+00,1.872000957215999906e+00,-9.827994204912000598e+00,1.872000565343999945e+00
0.000000000000000000e+00,0.000000000000000000e+00,0.000000000000000000e+00,0.000000000000000000e+00,0.000000000000000000e+00,0.000000000000000000e+00,0.000000000000000000e+00,0.000000000000000000e+00,0.000000000000000000e+00,0.000000000000000000e+00,0.000000000000000000e+00,0.000000000000000000e+00,0.000000000000000000e+00,0.000000000000000000e+00,0.000000000000000000e+00,0.000000000000000000e+00,0.000000000000000000e+00,0.000000000000000000e+00,0.000000000000000000e+00,0.000000000000000000e+00,0.000000000000000000e+00,3.029876197949999961e-01,1.200005118000000044e-02,2.400010236000000088e-02,4.800020472000000177e-02,9.600040944000000354e-02,1.920008188800000071e-01,7.800033267000001935e-02,1.440002007359999781e-01,1.440000523679999811e-01,1.440000434879999958e-01,-7.559993858400000377e-01
0.000000000000000000e+00,0.000000000000000000e+00,0.000000000000000000e+00,0.000000000000000000e+00,0.000000000000000000e+00,0.000000000000000000e+00,0.000000000000000000e+00,0.000000000000000000e+00,0.000000000000000000e+00,0.000000000000000000e+00,0.000000000000000000e+00,0.000000000000000000e+00,0.000000000000000000e+00,0.000000000000000000e+00,0.000000000000000000e+00,0.000000000000000000e+00,0.000000000000000000e+00,0.000000000000000000e+00,0.000000000000000000e+00,0.000000000000000000e+00,0.000000000000000000e+00,0.000000000000000000e+00,6.119752651799998944e-01,4.800020472000000177e-02,9.600040944000000354e-02,1.920008188800000071e-01,3.840016377600000141e-01,1.560006653400000387e-01,2.880004014719999561e-01,2.880001047359999622e-01,2.880000869759999915e-01,-1.511998771680000075e+00
0.000000000000000000e+00,0.000000000000000000e+00,0.000000000000000000e+00,0.000000000000000000e+00,0.000000000000000000e+00,0.000000000000000000e+00,0.000000000000000000e+00,0.000000000000000000e+00,0.000000000000000000e+00,0.000000000000000000e+00,0.000000000000000000e+00,0.000000000000000000e+00,0.000000000000000000e+00,0.000000000000000000e+00,0.000000000000000000e+00,0.000000000000000000e+00,0.000000000000000000e+00,0.000000000000000000e+00,0.000000000000000000e+00,0.000000000000000000e+00,0.000000000000000000e+00,0.000000000000000000e+00,0.000000000000000000e+00,1.247950632720000286e+00,1.920008188800000071e-01,3.840016377600000141e-01,7.680032755200000283e-01,3.120013306800000774e-01,5.760008029439999122e-01,5.760002094719999244e-01,5.760001739519999830e-01,-3.023997543360000151e+00
0.000000000000000000e+00,0.000000000000000000e+00,0.000000000000000000e+00,0.000000000000000000e+00,0.000000000000000000e+00,0.000000000000000000e+00,0.000000000000000000e+00,0.000000000000000000e+00,0.000000000000000000e+00,0.000000000000000000e+00,0.000000000000000000e+00,0.000000000000000000e+00,0.000000000000000000e+00,0.000000000000000000e+00,0.000000000000000000e+00,0.000000000000000000e+00,0.000000000000000000e+00,0.000000000000000000e+00,0.000000000000000000e+00,0.000000000000000000e+00,0.000000000000000000e+00,0.000000000000000000e+00,0.000000000000000000e+00,0.000000000000000000e+00,2.591901674879999895e+00,7.680032755200000283e-01,1.536006551040000057e+00,6.240026613600001548e-01,1.152001605887999824e+00,1.152000418943999849e+00,1.152000347903999966e+00,-6.047995086720000302e+00
0.000000000000000000e+00,0.000000000000000000e+00,0.000000000000000000e+00,0.000000000000000000e+00,0.000000000000000000e+00,0.000000000000000000e+00,0.000000000000000000e+00,0.000000000000000000e+00,0.000000000000000000e+00,0.000000000000000000e+00,0.000000000000000000e+00,0.000000000000000000e+00,0.000000000000000000e+00,0.000000000000000000e+00,0.000000000000000000e+00,0.000000000000000000e+00,0.000000000000000000e+00,0.000000000000000000e+00,0.000000000000000000e+00,0.000000000000000000e+00,0.000000000000000000e+00,0.000000000000000000e+00,0.000000000000000000e+00,0.000000000000000000e+00,0.000000000000000000e+00,5.567804987519998861e+00,3.072013102080000113e+00,1.248005322720000310e+00,2.304003211775999649e+00,2.304000837887999698e+00,2.304000695807999932e+00,-1.209599017344000060e+01
0.000000000000000000e+00,0.000000000000000000e+00,0.000000000000000000e+00,0.000000000000000000e+00,0.000000000000000000e+00,0.000000000000000000e+00,0.000000000000000000e+00,0.000000000000000000e+00,0.000000000000000000e+00,0.000000000000000000e+00,0.000000000000000000e+00,0.000000000000000000e+00,0.000000000000000000e+00,0.000000000000000000e+00,0.000000000000000000e+00,0.000000000000000000e+00,0.000000000000000000e+00,0.000000000000000000e+00,0.000000000000000000e+00,0.000000000000000000e+00,0.000000000000000000e+00,0.000000000000000000e+00,0.000000000000000000e+00,0.000000000000000000e+00,0.000000000000000000e+00,0.000000000000000000e+00,1.267161652608000111e+01,2.496010645440000619e+00,4.608006423551999298e+00,4.608001675775999395e+00,4.608001391615999864e+00,-2.419198034688000121e+01
0.000000000000000000e+00,0.000000000000000000e+00,0.000000000000000000e+00,0.000000000000000000e+00,0.000000000000000000e+00,0.000000000000000000e+00,0.000000000000000000e+00,0.000000000000000000e+00,0.000000000000000000e+00,0.000000000000000000e+00,0.000000000000000000e+00,0.000000000000000000e+00,0.000000000000000000e+00,0.000000000000000000e+00,0.000000000000000000e+00,0.000000000000000000e+00,0.000000000000000000e+00,0.000000000000000000e+00,0.000000000000000000e+00,0.000000000000000000e+00,0.000000000000000000e+00,0.000000000000000000e+00,0.000000000000000000e+00,0.000000000000000000e+00,0.000000000000000000e+00,0.000000000000000000e+00,0.000000000000000000e+00,4.406841053355001314e+00,1.872002609567999798e+00,1.872000680783999949e+00,1.872000565343999945e+00,-9.827992015920001379e+00
0.000000000000000000e+00,0.000000000000000000e+00,0.000000000000000000e+00,0.000000000000000000e+00,0.000000000000000000e+00,0.000000000000000000e+00,0.000000000000000000e+00,0.000000000000000000e+00,0.000000000000000000e+00,0.000000000000000000e+00,0.000000000000000000e+00,0.000000000000000000e+00,0.000000000000000000e+00,0.000000000000000000e+00,0.000000000000000000e+00,0.000000000000000000e+00,0.000000000000000000e+00,0.000000000000000000e+00,0.000000000000000000e+00,0.000000000000000000e+00,0.000000000000000000e+00,0.000000000000000000e+00,0.000000000000000000e+00,0.000000000000000000e+00,0.000000000000000000e+00,0.000000000000000000e+00,0.000000000000000000e+00,0.000000000000000000e+00,-2.826730239932160202e+02,1.834560019330560010e+02,1.834560023397120005e+02,1.834560048176639953e+02
0.000000000000000000e+00,0.000000000000000000e+00,0.000000000000000000e+00,0.000000000000000000e+00,0.000000000000000000e+00,0.000000000000000000e+00,0.000000000000000000e+00,0.000000000000000000e+00,0.000000000000000000e+00,0.000000000000000000e+00,0.000000000000000000e+00,0.000000000000000000e+00,0.000000000000000000e+00,0.000000000000000000e+00,0.000000000000000000e+00,0.000000000000000000e+00,0.000000000000000000e+00,0.000000000000000000e+00,0.000000000000000000e+00,0.000000000000000000e+00,0.000000000000000000e+00,0.000000000000000000e+00,0.000000000000000000e+00,0.000000000000000000e+00,0.000000000000000000e+00,0.000000000000000000e+00,0.000000000000000000e+00,0.000000000000000000e+00,0.000000000000000000e+00,-2.826721369578240228e+02,1.834560017671679759e+02,1.834560012568319962e+02
0.000000000000000000e+00,0.000000000000000000e+00,0.000000000000000000e+00,0.000000000000000000e+00,0.000000000000000000e+00,0.000000000000000000e+00,0.000000000000000000e+00,0.000000000000000000e+00,0.000000000000000000e+00,0.000000000000000000e+00,0.000000000000000000e+00,0.000000000000000000e+00,0.000000000000000000e+00,0.000000000000000000e+00,0.000000000000000000e+00,0.000000000000000000e+00,0.000000000000000000e+00,0.000000000000000000e+00,0.000000000000000000e+00,0.000000000000000000e+00,0.000000000000000000e+00,0.000000000000000000e+00,0.000000000000000000e+00,0.000000000000000000e+00,0.000000000000000000e+00,0.000000000000000000e+00,0.000000000000000000e+00,0.000000000000000000e+00,0.000000000000000000e+00,0.000000000000000000e+00,-2.826726802346880163e+02,1.834560010437119786e+02
0.000000000000000000e+00,0.000000000000000000e+00,0.000000000000000000e+00,0.000000000000000000e+00,0.000000000000000000e+00,0.000000000000000000e+00,0.000000000000000000e+00,0.000000000000000000e+00,0.000000000000000000e+00,0.000000000000000000e+00,0.000000000000000000e+00,0.000000000000000000e+00,0.000000000000000000e+00,0.000000000000000000e+00,0.000000000000000000e+00,0.000000000000000000e+00,0.000000000000000000e+00,0.000000000000000000e+00,0.000000000000000000e+00,0.000000000000000000e+00,0.000000000000000000e+00,0.000000000000000000e+00,0.000000000000000000e+00,0.000000000000000000e+00,0.000000000000000000e+00,0.000000000000000000e+00,0.000000000000000000e+00,0.000000000000000000e+00,0.000000000000000000e+00,0.000000000000000000e+00,0.000000000000000000e+00,-2.826722900620800374e+02
